    Step 	 <(r-r')^2> 	 <(v-v')^2> 

0	0	0
1	6.57782e-17	1.31018e-12
2	2.61412e-16	2.14803e-12
3	5.83459e-16	3.75331e-12
4	1.02843e-15	6.49822e-12
5	1.59512e-15	1.09516e-11
6	2.28838e-15	1.79318e-11
7	3.12458e-15	2.85801e-11
8	4.1397e-15	4.44635e-11
9	5.40045e-15	6.77119e-11
10	7.01983e-15	1.01203e-10
11	9.17854e-15	1.48795e-10
12	1.21539e-14	2.15642e-10
13	1.63587e-14	3.0858e-10
14	2.23922e-14	4.36613e-10
15	3.11064e-14	6.11496e-10
16	4.369e-14	8.48405e-10
17	6.17722e-14	1.16665e-09
18	8.75458e-14	1.59035e-09
19	1.23906e-13	2.14898e-09
20	1.74596e-13	2.8774e-09
21	2.44336e-13	3.81521e-09
22	3.38915e-13	5.00487e-09
23	4.65186e-13	6.48812e-09
24	6.30926e-13	8.30039e-09
25	8.44491e-13	1.04628e-08
26	1.11423e-12	1.29724e-08
27	1.44764e-12	1.57917e-08
28	1.85033e-12	1.88384e-08
29	2.32483e-12	2.19801e-08
30	2.86953e-12	2.50373e-08
31	3.47756e-12	2.78011e-08
32	4.13663e-12	3.00693e-08
33	4.82618e-12	3.17027e-08
34	5.52077e-12	3.26915e-08
35	6.18905e-12	3.31866e-08
36	6.79724e-12	3.34172e-08
37	7.31442e-12	3.35122e-08
38	7.71929e-12	3.34222e-08
39	8.00689e-12	3.3041e-08
40	8.19278e-12	3.23362e-08
41	8.32828e-12	3.13527e-08
42	8.33139e-12	3.01674e-08
43	8.48538e-12	2.88767e-08
44	8.74529e-12	2.76054e-08
45	9.15961e-12	2.64628e-08
46	9.76414e-12	2.54455e-08
47	1.0581e-11	2.44297e-08
48	1.16228e-11	2.33027e-08
49	1.28932e-11	2.20537e-08
50	1.43919e-11	2.07188e-08
51	1.6117e-11	1.95566e-08
52	1.80668e-11	1.87491e-08
53	2.0237e-11	1.82263e-08
54	2.26239e-11	1.8109e-08
55	2.52195e-11	1.84634e-08
56	2.80111e-11	1.9291e-08
57	3.09786e-11	2.04906e-08
58	3.40934e-11	2.18814e-08
59	3.73171e-11	2.32742e-08
60	4.06027e-11	2.45293e-08
61	4.38926e-11	2.55715e-08
62	4.71343e-11	2.63694e-08
63	5.03086e-11	2.68727e-08
64	5.33877e-11	2.69872e-08
65	5.63876e-11	2.66669e-08
66	5.93568e-11	2.60626e-08
67	6.23678e-11	2.55547e-08
68	6.55029e-11	2.55627e-08
69	6.88358e-11	2.62495e-08
70	7.24173e-11	2.74288e-08
71	7.62672e-11	2.8999e-08
72	8.03636e-11	3.09059e-08
73	8.46658e-11	3.24193e-08
74	8.91094e-11	3.31891e-08
75	9.3622e-11	3.32919e-08
76	9.81346e-11	3.30549e-08
77	1.02591e-10	3.2867e-08
78	1.06957e-10	3.27102e-08
79	1.12129e-10	3.2358e-08
80	1.16319e-10	3.19293e-08
81	1.20438e-10	3.17903e-08
82	1.22383e-10	3.22567e-08
83	1.2641e-10	3.35042e-08
84	1.30456e-10	3.55958e-08
85	1.34916e-10	3.83227e-08
86	1.38969e-10	4.12612e-08
87	1.43354e-10	4.45196e-08
88	1.47349e-10	4.87722e-08
89	1.51206e-10	5.26632e-08
90	1.54727e-10	5.58347e-08
91	1.57569e-10	5.84263e-08
92	1.59661e-10	6.06498e-08
93	1.62512e-10	6.26872e-08
94	1.6504e-10	6.47232e-08
95	1.67196e-10	6.59861e-08
96	1.69208e-10	6.55188e-08
97	1.7212e-10	6.36494e-08
98	1.7421e-10	6.16064e-08
99	1.76548e-10	5.99368e-08
100	1.79162e-10	5.80112e-08
101	1.82125e-10	5.66281e-08
102	1.85469e-10	5.50896e-08
103	1.89243e-10	5.39574e-08
104	1.93424e-10	5.41267e-08
105	1.9798e-10	5.45809e-08
106	2.02859e-10	5.45246e-08
107	2.07994e-10	5.41382e-08
108	2.13565e-10	5.35311e-08
109	2.18991e-10	5.25805e-08
110	2.2447e-10	5.12954e-08
111	2.29962e-10	4.99837e-08
112	2.3542e-10	4.90701e-08
113	2.40869e-10	4.8947e-08
114	2.46278e-10	5.00307e-08
115	2.51639e-10	5.26814e-08
116	2.56946e-10	5.67959e-08
117	2.622e-10	6.18525e-08
118	2.67405e-10	6.73631e-08
119	2.73532e-10	7.296e-08
120	2.75206e-10	7.83335e-08
121	2.80322e-10	8.33172e-08
122	2.85364e-10	8.80587e-08
123	2.903e-10	9.27062e-08
124	2.9547e-10	9.69289e-08
125	3.00097e-10	1.00692e-07
126	3.02607e-10	1.04648e-07
127	3.07485e-10	1.08962e-07
128	3.11865e-10	1.12768e-07
129	3.1637e-10	1.1474e-07
130	3.21343e-10	1.13888e-07
131	3.26167e-10	1.16168e-07
132	3.31968e-10	1.15244e-07
133	3.38374e-10	1.13276e-07
134	3.45357e-10	1.14671e-07
135	3.52836e-10	1.15109e-07
136	3.59732e-10	1.12533e-07
137	3.67866e-10	1.08546e-07
138	3.76164e-10	1.04843e-07
139	3.84552e-10	1.02599e-07
140	3.93146e-10	1.01959e-07
141	4.0206e-10	1.02436e-07
142	4.10578e-10	1.06992e-07
143	4.19138e-10	1.11497e-07
144	4.29919e-10	1.16119e-07
145	4.38599e-10	1.21202e-07
146	4.47806e-10	1.26618e-07
147	4.56385e-10	1.31979e-07
148	4.64943e-10	1.36772e-07
149	4.73525e-10	1.40369e-07
150	4.8146e-10	1.42299e-07
151	4.89963e-10	1.43341e-07
152	4.98456e-10	1.45975e-07
153	5.09672e-10	1.48252e-07
154	5.18045e-10	1.47407e-07
155	5.26629e-10	1.45679e-07
156	5.35543e-10	1.49342e-07
157	5.44914e-10	1.54957e-07
158	5.54833e-10	1.5966e-07
159	5.6512e-10	1.64925e-07
160	5.75708e-10	1.6944e-07
161	5.87457e-10	1.73423e-07
162	5.98747e-10	1.76794e-07
163	6.11436e-10	1.80591e-07
164	6.23893e-10	1.84132e-07
165	6.37283e-10	1.86992e-07
166	6.50996e-10	1.88965e-07
167	6.65085e-10	1.90137e-07
168	6.79672e-10	1.88021e-07
169	6.94817e-10	1.81928e-07
170	7.10641e-10	1.73513e-07
171	7.2726e-10	1.65134e-07
172	7.44496e-10	1.61873e-07
173	7.62343e-10	1.68941e-07
174	7.80666e-10	1.78382e-07
175	7.99294e-10	1.85968e-07
176	8.14102e-10	1.9335e-07
177	8.32824e-10	1.96738e-07
178	8.51576e-10	2.00065e-07
179	8.70045e-10	2.20539e-07
180	8.88364e-10	2.28268e-07
181	9.0659e-10	2.33182e-07
182	9.28013e-10	2.3755e-07
183	9.53482e-10	2.40841e-07
184	9.69641e-10	2.41208e-07
185	9.88544e-10	2.38647e-07
186	1.00769e-09	2.35132e-07
187	1.0275e-09	2.33182e-07
188	1.04805e-09	2.37184e-07
189	1.06933e-09	2.48907e-07
190	1.08174e-09	2.61124e-07
191	1.10397e-09	2.70468e-07
192	1.12699e-09	2.77299e-07
193	1.15615e-09	2.82808e-07
194	1.18026e-09	2.88365e-07
195	1.20476e-09	2.94897e-07
196	1.22837e-09	3.01946e-07
197	1.25359e-09	3.08344e-07
198	1.27918e-09	3.1328e-07
199	1.30517e-09	3.15567e-07
200	1.33807e-09	3.11234e-07
201	1.36873e-09	3.01522e-07
202	1.39553e-09	3.09205e-07
203	1.42291e-09	3.10173e-07
204	1.45095e-09	3.05035e-07
205	1.47971e-09	2.9699e-07
206	1.50922e-09	2.85256e-07
207	1.53953e-09	2.71132e-07
208	1.57779e-09	2.5801e-07
209	1.60562e-09	2.49014e-07
210	1.63875e-09	2.42853e-07
211	1.67268e-09	2.36423e-07
212	1.70736e-09	2.29352e-07
213	1.7427e-09	2.23751e-07
214	1.77864e-09	2.25215e-07
215	1.8151e-09	2.32705e-07
216	1.852e-09	2.40156e-07
217	1.88922e-09	2.48083e-07
218	1.92668e-09	2.56715e-07
219	1.96428e-09	2.65984e-07
220	2.00668e-09	2.76314e-07
221	2.04542e-09	2.88298e-07
222	2.08564e-09	3.02363e-07
223	2.12328e-09	3.18481e-07
224	2.16047e-09	3.35625e-07
225	2.19825e-09	3.5551e-07
226	2.23627e-09	3.73458e-07
227	2.2747e-09	3.87627e-07
228	2.31375e-09	3.935e-07
229	2.33649e-09	3.93477e-07
230	2.37721e-09	3.70325e-07
231	2.41795e-09	3.78176e-07
232	0.0725585	3.86575e-07
233	2.49026e-09	4.08043e-07
234	2.56192e-09	4.32918e-07
235	2.61324e-09	4.53022e-07
236	2.66677e-09	4.72047e-07
237	2.72247e-09	4.90468e-07
238	2.78137e-09	5.03377e-07
239	2.84113e-09	5.0933e-07
240	2.90361e-09	5.11176e-07
241	2.96717e-09	5.11739e-07
242	3.03233e-09	5.11413e-07
243	3.09904e-09	5.09494e-07
244	3.1672e-09	5.04694e-07
245	3.23676e-09	4.94909e-07
246	3.30766e-09	4.78767e-07
247	3.37984e-09	4.61929e-07
248	3.45323e-09	4.52269e-07
249	3.52779e-09	4.47073e-07
250	3.60344e-09	4.50318e-07
251	3.72499e-09	4.59476e-07
252	3.80385e-09	4.68823e-07
253	3.88364e-09	4.79042e-07
254	3.96403e-09	4.90663e-07
255	4.04562e-09	5.03354e-07
256	4.12816e-09	5.15648e-07
257	4.21174e-09	5.24816e-07
258	4.29649e-09	5.28587e-07
259	4.38246e-09	5.28146e-07
260	4.46975e-09	5.25721e-07
261	4.55833e-09	5.18197e-07
262	4.64813e-09	5.08694e-07
263	4.73898e-09	5.00993e-07
264	4.83074e-09	4.89156e-07
265	4.92328e-09	4.87242e-07
266	5.02556e-09	4.97767e-07
267	5.11985e-09	5.04435e-07
268	5.21498e-09	5.09936e-07
269	5.31026e-09	5.15255e-07
270	5.40771e-09	5.22723e-07
271	5.5462e-09	5.33497e-07
272	5.64801e-09	5.484e-07
273	5.73499e-09	5.6375e-07
274	5.84003e-09	5.79565e-07
275	5.94693e-09	5.95805e-07
276	6.05559e-09	6.13044e-07
277	6.12405e-09	6.33025e-07
278	6.23969e-09	6.60803e-07
279	6.33739e-09	6.93821e-07
280	6.45651e-09	7.2767e-07
281	6.57035e-09	7.64681e-07
282	6.67055e-09	8.06899e-07
283	6.80368e-09	8.44969e-07
284	6.921e-09	8.68404e-07
285	7.0404e-09	8.62043e-07
286	7.16215e-09	9.22431e-07
287	7.28644e-09	9.41273e-07
288	7.41339e-09	9.3515e-07
289	7.54305e-09	9.20242e-07
290	7.67551e-09	9.07777e-07
291	7.81093e-09	8.9442e-07
292	7.94953e-09	8.78826e-07
293	8.0916e-09	8.67682e-07
294	8.23734e-09	8.64767e-07
295	8.39472e-09	8.72318e-07
296	8.5493e-09	8.85365e-07
297	8.70828e-09	8.96121e-07
298	8.8453e-09	9.00508e-07
299	8.99977e-09	8.99172e-07
300	9.1403e-09	8.93136e-07
301	9.31677e-09	8.81398e-07
302	9.49766e-09	8.74006e-07
303	9.68264e-09	8.8057e-07
304	9.87134e-09	8.91516e-07
305	1.00514e-08	9.06876e-07
306	1.02469e-08	9.24639e-07
307	1.04452e-08	9.42552e-07
308	1.06462e-08	9.59093e-07
309	1.08499e-08	9.74346e-07
310	1.10562e-08	9.88051e-07
311	1.12633e-08	9.98613e-07
312	1.14752e-08	1.00477e-06
313	1.16903e-08	1.00697e-06
314	1.19086e-08	1.00789e-06
315	1.21267e-08	1.01232e-06
316	1.24467e-08	1.02601e-06
317	1.26826e-08	1.0546e-06
318	1.29185e-08	1.0961e-06
319	1.3159e-08	1.13363e-06
320	1.3404e-08	1.15493e-06
321	1.3617e-08	1.16197e-06
322	1.38684e-08	1.16159e-06
323	1.41259e-08	1.15799e-06
324	1.43882e-08	1.14106e-06
325	1.46555e-08	1.15856e-06
326	1.4928e-08	1.17698e-06
327	1.523e-08	1.20048e-06
328	1.55146e-08	1.2298e-06
329	1.58053e-08	1.26181e-06
330	1.61024e-08	1.29241e-06
331	1.6406e-08	1.31807e-06
332	1.67162e-08	1.33377e-06
333	1.70329e-08	1.33629e-06
334	1.73561e-08	1.31615e-06
335	1.76858e-08	1.26881e-06
336	1.80256e-08	1.26044e-06
337	1.83794e-08	1.25915e-06
338	1.87295e-08	1.26252e-06
339	1.90866e-08	1.26929e-06
340	1.9451e-08	1.29034e-06
341	1.9823e-08	1.33436e-06
342	2.02118e-08	1.39215e-06
343	2.06355e-08	1.44868e-06
344	2.09661e-08	1.49784e-06
345	2.13703e-08	1.54058e-06
346	2.17858e-08	1.5705e-06
347	2.21981e-08	1.58698e-06
348	2.26306e-08	1.60033e-06
349	2.30712e-08	1.63369e-06
350	2.35375e-08	1.69565e-06
351	2.39978e-08	1.74998e-06
352	2.44678e-08	1.792e-06
353	2.4936e-08	1.8497e-06
354	2.54185e-08	1.92117e-06
355	2.59042e-08	1.98469e-06
356	2.64254e-08	2.02785e-06
357	2.6839e-08	2.0541e-06
358	2.73727e-08	2.0737e-06
359	2.79295e-08	2.0891e-06
360	2.84463e-08	2.09357e-06
361	2.90306e-08	2.08702e-06
362	2.96286e-08	2.07304e-06
363	3.03196e-08	2.05667e-06
364	3.09404e-08	2.04535e-06
365	3.15766e-08	2.04884e-06
366	3.22243e-08	2.0749e-06
367	0.0237227	2.12251e-06
368	3.3451e-08	2.1831e-06
369	3.41298e-08	2.24824e-06
370	3.48186e-08	2.3124e-06
371	3.55181e-08	2.3722e-06
372	3.6205e-08	2.42608e-06
373	3.69247e-08	2.47544e-06
374	3.76706e-08	2.5233e-06
375	3.85769e-08	2.57406e-06
376	3.9338e-08	2.63143e-06
377	4.01301e-08	2.69524e-06
378	4.09185e-08	2.76451e-06
379	4.17211e-08	2.83639e-06
380	4.25384e-08	2.90201e-06
381	4.33705e-08	2.9511e-06
382	4.42176e-08	2.99351e-06
383	4.50576e-08	2.99229e-06
384	4.5934e-08	3.00608e-06
385	4.68254e-08	3.04793e-06
386	4.77318e-08	3.10747e-06
387	4.86533e-08	3.18808e-06
388	4.95902e-08	3.30118e-06
389	5.05425e-08	3.38912e-06
390	5.15106e-08	3.46726e-06
391	5.24947e-08	3.54271e-06
392	5.34949e-08	3.60804e-06
393	5.45113e-08	3.6645e-06
394	5.5544e-08	3.72291e-06
395	5.65878e-08	3.79421e-06
396	5.74843e-08	3.88528e-06
397	5.85613e-08	4.00557e-06
398	5.88993e-08	4.15552e-06
399	6.00051e-08	4.32114e-06
400	6.11275e-08	4.48846e-06
401	6.22664e-08	4.65422e-06
402	6.34218e-08	4.8218e-06
403	6.4594e-08	4.99157e-06
404	6.57832e-08	5.14728e-06
405	6.699e-08	5.26761e-06
406	6.81975e-08	5.38537e-06
407	6.94393e-08	5.53562e-06
408	7.0705e-08	5.70861e-06
409	7.19896e-08	5.88975e-06
410	7.32934e-08	6.06538e-06
411	7.47335e-08	6.19559e-06
412	7.60799e-08	6.30286e-06
413	7.74456e-08	6.39839e-06
414	7.8831e-08	6.33469e-06
415	8.02375e-08	6.23448e-06
416	8.16667e-08	6.25251e-06
417	0.0259457	6.44909e-06
418	8.529e-08	6.63068e-06
419	8.68084e-08	6.7674e-06
420	0.0379608	6.84165e-06
421	8.99914e-08	6.86293e-06
422	9.16076e-08	6.84656e-06
423	9.3257e-08	6.80741e-06
424	9.49394e-08	6.76191e-06
425	9.66548e-08	6.73305e-06
426	9.85912e-08	6.7449e-06
427	1.00381e-07	6.7895e-06
428	1.02443e-07	6.82381e-06
429	0.100998	6.83566e-06
430	1.06157e-07	6.86852e-06
431	1.07991e-07	6.96679e-06
432	1.0995e-07	7.11548e-06
433	1.11964e-07	7.27167e-06
434	1.13624e-07	7.41352e-06
435	1.15662e-07	7.53922e-06
436	1.17724e-07	7.65421e-06
437	1.19826e-07	7.76395e-06
438	1.21962e-07	7.84372e-06
439	1.24053e-07	7.8879e-06
440	1.2626e-07	7.93296e-06
441	0.0815093	7.99155e-06
442	1.29697e-07	8.08376e-06
443	1.31996e-07	8.22925e-06
444	1.3435e-07	8.42631e-06
445	1.36743e-07	8.62859e-06
446	1.39918e-07	8.85825e-06
447	1.42435e-07	9.09425e-06
448	1.45003e-07	9.31782e-06
449	1.47643e-07	9.51754e-06
450	1.50399e-07	9.68151e-06
451	1.53113e-07	9.80873e-06
452	1.55639e-07	9.91618e-06
453	1.58453e-07	1.00283e-05
454	1.61316e-07	1.01825e-05
455	1.64256e-07	1.0423e-05
456	1.67217e-07	1.07401e-05
457	1.69762e-07	1.1072e-05
458	1.72725e-07	1.1363e-05
459	1.75839e-07	1.16669e-05
460	1.78973e-07	1.19084e-05
461	1.8393e-07	1.20842e-05
462	1.87178e-07	1.22762e-05
463	0.0776368	1.25073e-05
464	1.93992e-07	1.27376e-05
465	0.0339285	1.29917e-05
466	2.00763e-07	1.32909e-05
467	2.04259e-07	1.36579e-05
468	2.07807e-07	1.4114e-05
469	2.11408e-07	1.4646e-05
470	0.0280979	1.52043e-05
471	2.19613e-07	1.57353e-05
472	2.23391e-07	1.61942e-05
473	2.27174e-07	1.65472e-05
474	2.31077e-07	1.67769e-05
475	2.34961e-07	1.68848e-05
476	2.38949e-07	1.68921e-05
477	2.43054e-07	1.67786e-05
478	2.47233e-07	1.64584e-05
479	2.51659e-07	1.66662e-05
480	2.55996e-07	1.74475e-05
481	2.60411e-07	1.82463e-05
482	2.64904e-07	1.89549e-05
483	2.69475e-07	1.95433e-05
484	2.74121e-07	2.00267e-05
485	2.7884e-07	2.0426e-05
486	2.8363e-07	2.07405e-05
487	2.88486e-07	2.10823e-05
488	2.93404e-07	2.15029e-05
489	2.98381e-07	2.18905e-05
490	3.03413e-07	2.22734e-05
491	3.08499e-07	2.26552e-05
492	3.13628e-07	2.30101e-05
493	3.18835e-07	2.32708e-05
494	3.24116e-07	2.32739e-05
495	3.29487e-07	2.33241e-05
496	3.34965e-07	2.34736e-05
497	3.4073e-07	2.36429e-05
498	3.46467e-07	2.39571e-05
499	3.5255e-07	2.44576e-05
500	3.58626e-07	2.51173e-05
501	3.64869e-07	2.5868e-05
502	3.72111e-07	2.66098e-05
503	3.79392e-07	2.72479e-05
504	3.86129e-07	2.77558e-05
505	3.93052e-07	2.8186e-05
506	3.99818e-07	2.86742e-05
507	4.07805e-07	2.93067e-05
508	4.15628e-07	3.00826e-05
509	4.23141e-07	3.10386e-05
510	4.30801e-07	3.21968e-05
511	0.0311091	3.35109e-05
512	4.48748e-07	3.49109e-05
513	4.56892e-07	3.63232e-05
514	4.6519e-07	3.75653e-05
515	4.73641e-07	3.84909e-05
516	4.8213e-07	3.91251e-05
517	4.90907e-07	3.98306e-05
518	4.99916e-07	4.08487e-05
519	5.08977e-07	4.21367e-05
520	5.1818e-07	4.3797e-05
521	5.27611e-07	4.54612e-05
522	5.37176e-07	4.68798e-05
523	5.46994e-07	4.81508e-05
524	5.5703e-07	4.92111e-05
525	5.67348e-07	5.01081e-05
526	5.77932e-07	5.08099e-05
527	5.88821e-07	5.13095e-05
528	5.97366e-07	5.19318e-05
529	6.08695e-07	5.33038e-05
530	6.20325e-07	5.51639e-05
531	0.0405311	5.69081e-05
532	6.45293e-07	5.83907e-05
533	6.57888e-07	5.95452e-05
534	6.70807e-07	6.01921e-05
535	6.84055e-07	6.00912e-05
536	6.97634e-07	5.91766e-05
537	7.11549e-07	5.86387e-05
538	0.0578708	6.10266e-05
539	0.0746584	6.36273e-05
540	0.0379713	6.50075e-05
541	0.0379667	6.59854e-05
542	7.89344e-07	6.70732e-05
543	8.05301e-07	6.82735e-05
544	8.21606e-07	6.92302e-05
545	8.3826e-07	6.97309e-05
546	8.5526e-07	6.98444e-05
547	0.0250747	6.96415e-05
548	8.91957e-07	6.91817e-05
549	9.08036e-07	6.86667e-05
550	9.26409e-07	6.82165e-05
551	0.0195288	6.77797e-05
552	0.116594	6.73477e-05
553	9.77059e-07	6.71182e-05
554	9.96632e-07	6.71972e-05
555	1.01643e-06	6.75227e-05
556	1.03665e-06	6.80298e-05
557	1.05721e-06	6.86562e-05
558	1.07814e-06	6.94567e-05
559	1.09945e-06	7.0529e-05
560	1.12118e-06	7.19478e-05
561	0.026808	7.38669e-05
562	1.1658e-06	7.64213e-05
563	1.18883e-06	7.94448e-05
564	1.21244e-06	8.21909e-05
565	1.23656e-06	8.36316e-05
566	0.0251366	8.4239e-05
567	0.0251531	8.74246e-05
568	1.3071e-06	9.14378e-05
569	1.32896e-06	9.61918e-05
570	1.35541e-06	0.000100932
571	1.38238e-06	0.000105316
572	1.40949e-06	0.000109105
573	1.43758e-06	0.000112061
574	1.46619e-06	0.000114877
575	1.49548e-06	0.00011792
576	0.0559208	0.000121132
577	0.0249589	0.000124533
578	1.58773e-06	0.000127929
579	0.0251415	0.000131285
580	0.0253124	0.000134862
581	0.110064	0.000138801
582	1.71537e-06	0.000143361
583	1.75088e-06	0.000148187
584	1.78725e-06	0.000152396
585	1.82451e-06	0.00015525
586	1.86264e-06	0.000156443
587	1.89671e-06	0.000156098
588	0.0678358	0.000154563
589	1.97719e-06	0.000152592
590	2.01862e-06	0.000151882
591	0.0221602	0.000154041
592	2.10155e-06	0.000158033
593	2.14519e-06	0.000161774
594	2.18955e-06	0.000164513
595	2.23459e-06	0.000166406
596	0.018778	0.000167883
597	0.0312664	0.000169373
598	2.37389e-06	0.000171188
599	2.42131e-06	0.000173493
600	2.46894e-06	0.000176276
601	2.51681e-06	0.000179248
602	0.0614376	0.000182508
603	0.0805188	0.000185854
604	0.0214875	0.000189208
605	0.0214825	0.000192707
606	0.0214773	0.000196934
607	0.0214719	0.000202359
608	0.0214663	0.000208548
609	0.0214605	0.000214784
610	0.0251955	0.000220308
611	3.03497e-06	0.000224378
612	0.0291977	0.000226935
613	3.14157e-06	0.000229077
614	3.19765e-06	0.000231447
615	3.25472e-06	0.000234571
616	3.30763e-06	0.000239172
617	3.36599e-06	0.000244923
618	3.42563e-06	0.000251472
619	3.48635e-06	0.000258231
620	0.0213872	0.000264905
621	0.0475633	0.000271659
622	0.0475738	0.000278977
623	0.047584	0.000286993
624	0.047594	0.000295317
625	0.0476037	0.000303444
626	0.0476132	0.000311896
627	0.0476226	0.000322799
628	0.0476317	0.000335661
629	0.0476406	0.000348936
630	0.0476493	0.000362533
631	0.0758531	0.000377149
632	0.127756	0.000392148
633	0.0758872	0.000406679
634	0.0476823	0.000420172
635	0.0692612	0.000431905
636	0.0264425	0.000440449
637	0.0264585	0.000443332
638	0.0264744	0.000437908
639	4.9365e-06	0.000425514
640	5.02671e-06	0.000414208
641	5.11919e-06	0.0004119
642	5.21398e-06	0.000420644
643	5.31317e-06	0.000437898
644	5.41242e-06	0.000456415
645	5.51372e-06	0.000469202
646	5.61697e-06	0.000475188
647	5.72209e-06	0.000477479
648	5.8291e-06	0.000479841
649	0.108848	0.000484749
650	0.209529	0.000493304
651	0.0266694	0.000505758
652	0.0266834	0.000521212
653	0.0266973	0.000536475
654	0.026711	0.000550565
655	0.0267246	0.000566239
656	0.0267379	0.000583806
657	0.108908	0.000602404
658	0.10893	0.000621402
659	0.108953	0.000640344
660	0.0267895	0.000657675
661	0.0566711	0.000671424
662	0.0850609	0.000681919
663	0.085085	0.000689777
664	0.0268375	0.000695946
665	0.0661552	0.000701165
666	0.0478642	0.00070553
667	0.0686393	0.000708928
668	0.0478703	0.000711525
669	0.0478731	0.000713844
670	0.0269013	0.000716592
671	0.0269108	0.000720708
672	0.0269199	0.000727812
673	0.146745	0.000740075
674	0.026937	0.000758465
675	1.01171e-05	0.000781043
676	0.109024	0.000803614
677	0.0671006	0.000821988
678	0.0257686	0.000833379
679	1.1005e-05	0.000837149
680	1.12337e-05	0.000835856
681	1.14668e-05	0.000835259
682	0.0198883	0.000842509
683	1.19465e-05	0.000864467
684	0.0648221	0.000904662
685	0.0647776	0.000955628
686	0.0647322	0.00100075
687	1.30441e-05	0.00102859
688	1.33212e-05	0.00103841
689	1.36051e-05	0.00103532
690	0.0505241	0.00102848
691	1.40411e-05	0.00102237
692	0.027962	0.00101831
693	0.07212	0.00101719
694	0.180238	0.0010186
695	0.136062	0.00102422
696	0.195202	0.00103671
697	0.169414	0.00105336
698	0.135976	0.0010708
699	1.67091e-05	0.00108708
700	1.706e-05	0.00110433
701	1.74169e-05	0.00112816
702	1.77813e-05	0.00115926
703	0.0485229	0.00119606
704	1.85205e-05	0.00124017
705	1.8896e-05	0.00129253
706	0.0269244	0.00135006
707	0.0354044	0.00140606
708	0.198946	0.00145153
709	0.0436581	0.00148468
710	0.078772	0.00150843
711	0.0674659	0.00152797
712	0.0436558	0.00154994
713	0.043658	0.00157804
714	0.0626523	0.00161136
715	0.0436664	0.00165252
716	0.0436724	0.00170741
717	0.0699276	0.00177075
718	0.06993	0.0018349
719	0.0699339	0.00189278
720	0.111849	0.0019346
721	0.0807312	0.00195159
722	0.107678	0.00194061
723	0.0706264	0.00193918
724	0.11924	0.00194697
725	0.0909564	0.00195438
726	0.0909192	0.00196854
727	0.0908824	0.00199183
728	0.0281856	0.00202453
729	0.0646936	0.00206419
730	0.0281717	0.00210664
731	0.0281649	0.00214701
732	0.0281582	0.0021819
733	3.30922e-05	0.00220791
734	3.37626e-05	0.00222132
735	3.44476e-05	0.00223678
736	3.51468e-05	0.00225968
737	3.58601e-05	0.00226873
738	3.65874e-05	0.00226423
739	3.73285e-05	0.00225269
740	3.80834e-05	0.0022667
741	3.88518e-05	0.00230528
742	3.96336e-05	0.00235339
743	4.04285e-05	0.00240877
744	0.0469264	0.00248012
745	0.0706098	0.00258056
746	0.0500609	0.00272312
747	0.0500598	0.00291852
748	4.46623e-05	0.00316942
749	0.0414445	0.00345494
750	0.0414791	0.00369678
751	4.73438e-05	0.00364045
752	0.0752866	0.0033596
753	0.0444635	0.0038944
754	0.0961394	0.00408432
755	0.0444656	0.00412361
756	0.068984	0.00405117
757	0.220878	0.00395102
758	0.151876	0.00388192
759	0.0607834	0.00386582
760	0.0607855	0.00389926
761	0.104168	0.00396618
762	0.0607844	0.00403974
763	0.108132	0.00411875
764	0.060777	0.0041988
765	0.060771	0.00427364
766	0.0607637	0.00434939
767	0.0607551	0.00443064
768	0.106342	0.00451298
769	0.106301	0.00459516
770	0.106258	0.00473422
771	0.15264	0.0049435
772	0.152628	0.00512862
773	0.178497	0.00525253
774	0.178454	0.00525359
775	0.152585	0.00533947
776	0.242212	0.00552657
777	0.231191	0.00558301
778	0.285267	0.00562511
779	0.38214	0.00567342
780	0.333271	0.00571765
781	0.333266	0.00575239
782	0.297636	0.00579821
783	0.454427	0.00589281
784	0.332614	0.00600607
785	0.229663	0.00613264
786	0.148495	0.00626964
787	0.163233	0.0064195
788	0.0258644	0.00658233
789	0.02589	0.00672991
790	0.000104305	0.00684377
791	0.0297876	0.00694448
792	0.130058	0.00705282
793	0.161655	0.00717635
794	0.113443	0.0073346
795	0.138047	0.00754509
796	0.137961	0.00779425
797	0.113279	0.00805028
798	0.173795	0.00829047
799	0.156701	0.00850146
800	0.105054	0.00863626
801	0.105091	0.00871896
802	0.169647	0.00885548
803	0.0957123	0.00901583
804	0.135673	0.00919501
805	0.211233	0.00941257
806	0.162265	0.0096822
807	0.118887	0.00998504
808	0.0954701	0.0102307
809	0.0320158	0.0104052
810	0.0320268	0.0106215
811	0.0320379	0.0108768
812	0.0916724	0.011173
813	0.0320604	0.0115604
814	0.0780231	0.0120603
815	0.0779916	0.0126074
816	0.0320949	0.013152
817	0.0617429	0.0136784
818	0.0617673	0.0141748
819	0.0617926	0.0146415
820	0.098209	0.015064
821	0.178601	0.0154367
822	0.216947	0.0158074
823	0.216937	0.0161558
824	0.258763	0.0164457
825	0.216917	0.0166768
826	0.333257	0.0168517
827	0.33317	0.0170427
828	0.252976	0.0172823
829	0.294681	0.0174869
830	0.357413	0.0176254
831	0.357421	0.0177114
832	0.415133	0.0177826
833	0.382952	0.0178894
834	0.404896	0.0180754
835	0.394147	0.0183614
836	0.39741	0.0187438
837	0.272911	0.0192156
838	0.272802	0.0197236
839	0.272694	0.0202548
840	0.149829	0.0208384
841	0.0748338	0.0214342
842	0.100287	0.0220105
843	0.123344	0.0225143
844	0.123348	0.0228906
845	0.160242	0.0231858
846	0.160289	0.0234649
847	0.160337	0.0237486
848	0.123372	0.0240522
849	0.12338	0.0244022
850	0.12339	0.0248032
851	0.1234	0.0252218
852	0.125568	0.025629
853	0.10037	0.0260675
854	0.163179	0.0266224
855	0.14284	0.0273361
856	0.0750415	0.0281654
857	0.0750723	0.0290222
858	0.270746	0.0298157
859	0.270543	0.0306055
860	0.263209	0.0313593
861	0.142099	0.0320905
862	0.141962	0.0328489
863	0.102333	0.033702
864	0.186267	0.0347137
865	0.185982	0.0359125
866	0.148833	0.0372596
867	0.0842244	0.038668
868	0.282471	0.0400699
869	0.282434	0.041341
870	0.120817	0.0423459
871	0.120764	0.0430596
872	0.0374398	0.0435392
873	0.00047332	0.0438851
874	0.000482622	0.0442296
875	0.0298414	0.0447292
876	0.115756	0.0455193
877	0.115794	0.046651
878	0.115832	0.0480733
879	0.115872	0.0496442
880	0.115912	0.0510897
881	0.115954	0.0521441
882	0.115996	0.0530531
883	0.000582584	0.0537607
884	0.0837114	0.0541815
885	0.122588	0.0544226
886	0.122553	0.0545661
887	0.122519	0.0546313
888	0.0835302	0.0546061
889	0.0834853	0.0544777
890	0.143278	0.0543387
891	0.143332	0.0541686
892	0.115283	0.0539462
893	0.115279	0.0536795
894	0.115273	0.053388
895	0.115267	0.0530742
896	0.167489	0.0526891
897	0.219953	0.0522594
898	0.247153	0.0519972
899	0.247105	0.0520667
900	0.247057	0.0525595
901	0.24701	0.0534386
902	0.246963	0.0545322
903	0.246917	0.055747
904	0.246872	0.05716
905	0.246827	0.0589401
906	0.142309	0.0611512
907	0.142291	0.0637885
908	0.186295	0.0668516
909	0.186198	0.0701038
910	0.186102	0.0732838
911	0.2428	0.0763412
912	0.230996	0.0792556
913	0.389145	0.0819247
914	0.332012	0.0841903
915	0.251568	0.0859674
916	0.215004	0.0872822
917	0.215022	0.088208
918	0.215041	0.0887431
919	0.215061	0.088797
920	0.202691	0.0885057
921	0.241643	0.0882418
922	0.163258	0.0882814
923	0.186392	0.0888161
924	0.211901	0.0899954
925	0.24014	0.0919075
926	0.289769	0.0945857
927	0.264254	0.0979692
928	0.212361	0.101846
929	0.212483	0.105848
930	0.166139	0.109564
931	0.166233	0.11137
932	0.141054	0.112339
933	0.141093	0.113522
934	0.141134	0.115001
935	0.141177	0.116759
936	0.163815	0.118716
937	0.163874	0.120754
938	0.163936	0.12258
939	0.180742	0.1238
940	0.180801	0.124676
941	0.164139	0.125338
942	0.164213	0.12588
943	0.264896	0.126861
944	0.239761	0.128474
945	0.361123	0.130436
946	0.358324	0.132874
947	0.419829	0.135775
948	0.374069	0.138984
949	0.28275	0.14227
950	0.282826	0.145459
951	0.282904	0.148069
952	0.313689	0.149584
953	0.331308	0.151078
954	0.331401	0.152951
955	0.291039	0.15524
956	0.29114	0.157902
957	0.341714	0.160787
958	0.329015	0.163539
959	0.32912	0.165884
960	0.368135	0.167962
961	0.431813	0.169939
962	0.482315	0.171752
963	0.482394	0.173335
964	0.57678	0.174901
965	0.576767	0.176677
966	0.584988	0.178798
967	0.636118	0.181411
968	0.751107	0.184671
969	0.710611	0.188599
970	0.686181	0.192899
971	0.787157	0.194434
972	0.829335	0.19392
973	0.860567	0.192991
974	0.839919	0.192667
975	0.910368	0.193405
976	0.816578	0.195302
977	0.847483	0.198279
978	0.937023	0.202133
979	0.93707	0.206621
980	0.961271	0.211609
981	0.96135	0.217049
982	0.995432	0.222938
983	0.893626	0.229318
984	0.929094	0.236273
985	0.865835	0.243754
986	0.875331	0.251364
987	0.84017	0.258184
988	1.01212	0.263397
989	0.95933	0.266896
990	0.930675	0.26969
991	0.892376	0.273153
992	0.892474	0.277266
993	0.89711	0.281653
994	0.897137	0.286024
995	0.897163	0.289823
996	0.977862	0.292836
997	0.977789	0.29543
998	0.977717	0.297851
999	0.977645	0.300219
1000	0.977575	0.302695
1001	0.918974	0.30537
1002	0.947002	0.30827
1003	0.940062	0.311377
1004	0.939925	0.314657
1005	0.942668	0.318091
1006	0.827587	0.321628
1007	0.852764	0.325208
1008	0.85263	0.328773
1009	0.873935	0.332222
1010	0.84833	0.335524
1011	0.924279	0.338808
1012	0.89571	0.342185
1013	0.864908	0.34584
1014	0.839239	0.34997
1015	0.839068	0.354516
1016	0.972567	0.359225
1017	0.972444	0.363969
1018	0.972324	0.368807
1019	1.06102	0.373527
1020	1.06093	0.376741
1021	1.03635	0.377976
1022	1.09618	0.379083
1023	1.12052	0.380541
1024	1.12041	0.382596
1025	1.04569	0.385334
1026	1.06419	0.388789
1027	1.06415	0.392976
1028	1.03997	0.397858
1029	1.03999	0.403241
1030	1.18884	0.408842
1031	1.16357	0.414483
1032	1.14478	0.420155
1033	1.17705	0.425936
1034	1.20763	0.431848
1035	1.23399	0.437796
1036	1.22729	0.443745
1037	1.19658	0.450177
1038	1.17242	0.457256
1039	1.17235	0.464992
1040	1.14026	0.473176
1041	1.08185	0.481479
1042	1.1052	0.489626
1043	1.10526	0.496705
1044	1.07871	0.502686
1045	1.19199	0.508327
1046	1.20095	0.513654
1047	1.20087	0.518538
1048	1.28324	0.523162
1049	1.37031	0.527799
1050	1.30925	0.532816
1051	1.32844	0.538472
1052	1.32846	0.544749
1053	1.18066	0.551601
1054	1.30986	0.559274
1055	1.34126	0.568026
1056	1.37272	0.577886
1057	1.43365	0.588632
1058	1.43346	0.599832
1059	1.40455	0.610843
1060	1.40438	0.621205
1061	1.40421	0.630784
1062	1.33051	0.639967
1063	1.35461	0.649052
1064	1.18961	0.658131
1065	1.21704	0.667244
1066	1.21704	0.676406
1067	1.38779	0.685586
1068	1.27312	0.694617
1069	1.27318	0.703235
1070	1.27325	0.71144
1071	1.27332	0.71967
1072	1.31056	0.728395
1073	1.36229	0.737782
1074	1.47874	0.74771
1075	1.38587	0.75781
1076	1.22685	0.766953
1077	1.2028	0.775809
1078	1.22299	0.784532
1079	1.22312	0.793289
1080	1.22325	0.802243
1081	1.2547	0.81131
1082	1.28088	0.8203
1083	1.23065	0.829195
1084	1.26302	0.838119
1085	1.20917	0.847357
1086	1.32863	0.857125
1087	1.37427	0.867379
1088	1.26129	0.877187
1089	1.28666	0.886603
1090	1.25504	0.895368
1091	1.25527	0.903076
1092	1.22535	0.909457
1093	1.24973	0.914468
1094	1.24758	0.918214
1095	1.3265	0.920828
1096	1.32677	0.922382
1097	1.32706	0.923111
1098	1.32736	0.923956
1099	1.3661	0.925593
1100	1.33389	0.928316
1101	1.32937	0.932143
1102	1.33331	0.936891
1103	1.38626	0.942332
1104	1.40487	0.948369
1105	1.42797	0.955044
1106	1.42816	0.962453
1107	1.42837	0.970571
1108	1.35415	0.97897
1109	1.38221	0.986854
1110	1.41346	0.994005
1111	1.46334	1.00073
1112	1.56061	1.0073
1113	1.56079	1.01384
1114	1.52602	1.0203
1115	1.52626	1.02651
1116	1.52987	1.03228
1117	1.55894	1.03739
1118	1.58131	1.04163
1119	1.6127	1.04519
1120	1.61307	1.04851
1121	1.68548	1.05202
1122	1.68584	1.05603
1123	1.68623	1.06069
1124	1.71093	1.06597
1125	1.73201	1.07177
1126	1.75605	1.07783
1127	1.84268	1.08361
1128	1.78625	1.08851
1129	1.78665	1.09223
1130	1.71037	1.09496
1131	1.68523	1.09721
1132	1.80081	1.09953
1133	1.88306	1.10219
1134	1.88322	1.10522
1135	1.86375	1.10849
1136	1.90934	1.11211
1137	1.90948	1.11619
1138	1.9785	1.12062
1139	1.92385	1.12517
1140	1.98297	1.12975
1141	2.01108	1.13403
1142	2.01118	1.13775
1143	2.01131	1.14088
1144	2.04281	1.14352
1145	2.04295	1.14435
1146	2.00334	1.14375
1147	2.00348	1.14287
1148	2.00364	1.14274
1149	2.07444	1.14373
1150	2.07465	1.14582
1151	2.09511	1.14873
1152	2.04854	1.15217
1153	2.04882	1.15601
1154	2.08816	1.16008
1155	2.08832	1.16399
1156	2.0885	1.16778
1157	2.17502	1.17215
1158	2.06732	1.17748
1159	1.98821	1.18366
1160	1.96969	1.19047
1161	2.0254	1.19809
1162	1.99568	1.20674
1163	2.01345	1.2164
1164	2.01386	1.22684
1165	1.982	1.2378
1166	1.95459	1.24893
1167	1.95509	1.2597
1168	1.95559	1.26971
1169	2.16896	1.27901
1170	2.22246	1.28764
1171	2.28298	1.29567
1172	2.25529	1.30332
1173	2.30041	1.31079
1174	2.17635	1.31818
1175	2.23348	1.32556
1176	2.26894	1.33309
1177	2.24896	1.34085
1178	2.27477	1.34874
1179	2.27512	1.35634
1180	2.2748	1.36276
1181	2.27512	1.36793
1182	2.27544	1.37299
1183	2.30471	1.37825
1184	2.33777	1.38346
1185	2.33807	1.38842
1186	2.33838	1.3937
1187	2.33872	1.3996
1188	2.31623	1.40627
1189	2.31655	1.41379
1190	2.37328	1.42224
1191	2.50247	1.43163
1192	2.5028	1.44168
1193	2.43495	1.45148
1194	2.46002	1.46063
1195	2.54707	1.46931
1196	2.54752	1.47733
1197	2.54798	1.48503
1198	2.58881	1.49231
1199	2.66054	1.49934
1200	2.59261	1.50636
1201	2.59306	1.51343
1202	2.67081	1.52029
1203	2.67128	1.52662
1204	2.67176	1.53246
1205	2.67227	1.53785
1206	2.68913	1.54324
1207	2.68966	1.54896
1208	2.69022	1.55438
1209	2.72554	1.55897
1210	2.70239	1.56302
1211	2.714	1.56646
1212	2.71459	1.56926
1213	2.77404	1.5717
1214	2.77464	1.57384
1215	2.77526	1.57537
1216	2.7759	1.57628
1217	2.77656	1.57648
1218	2.77725	1.57585
1219	2.77796	1.57442
1220	2.77869	1.57251
1221	2.80494	1.57035
1222	2.78858	1.56811
1223	2.78935	1.56602
1224	2.79015	1.56443
1225	2.76584	1.56355
1226	2.76667	1.56327
1227	2.76752	1.56295
1228	2.81855	1.56328
1229	2.79297	1.56501
1230	2.68867	1.56837
1231	2.68943	1.57331
1232	2.54945	1.57962
1233	2.5502	1.58696
1234	2.55097	1.59474
1235	2.57514	1.60264
1236	2.66815	1.61091
1237	2.68437	1.61943
1238	2.62984	1.62767
1239	2.6425	1.63497
1240	2.6433	1.64103
1241	2.64413	1.64607
1242	2.64497	1.65049
1243	2.58873	1.65465
1244	2.61323	1.65858
1245	2.61402	1.66193
1246	2.61482	1.66418
1247	2.71443	1.66506
1248	2.65236	1.66457
1249	2.62261	1.66298
1250	2.62331	1.66079
1251	2.57389	1.65866
1252	2.57461	1.65726
1253	2.66772	1.65704
1254	2.7204	1.6582
1255	2.72099	1.66055
1256	2.74694	1.66365
1257	2.74747	1.6672
1258	2.82755	1.67119
1259	2.82806	1.67548
1260	2.90708	1.67988
1261	2.90761	1.68427
1262	2.83778	1.68853
1263	2.90184	1.69256
1264	2.90968	1.69657
1265	2.9363	1.7008
1266	3.01796	1.70533
1267	3.01834	1.71008
1268	3.01875	1.71479
1269	3.04837	1.71876
1270	3.04882	1.72179
1271	3.21883	1.72451
1272	3.32116	1.72709
1273	3.34217	1.72921
1274	3.34272	1.72969
1275	3.40774	1.72953
1276	3.40818	1.72995
1277	3.40865	1.73149
1278	3.31389	1.73433
1279	3.40611	1.73838
1280	3.4853	1.74332
1281	3.48556	1.74865
1282	3.55003	1.75392
1283	3.61872	1.75885
1284	3.61897	1.76338
1285	3.69621	1.76771
1286	3.72332	1.77207
1287	3.72368	1.77643
1288	3.72407	1.78058
1289	3.66655	1.7842
1290	3.72072	1.78695
1291	3.7212	1.78825
1292	3.72172	1.78741
1293	3.70225	1.78481
1294	3.70285	1.78167
1295	3.70349	1.77877
1296	3.70416	1.77628
1297	3.70486	1.7741
1298	3.73382	1.77214
1299	3.70185	1.77004
1300	3.73289	1.767
1301	3.81229	1.76262
1302	3.77197	1.75778
1303	4.08655	1.75301
1304	4.11176	1.74834
1305	4.05138	1.74377
1306	4.11541	1.73939
1307	4.13702	1.73519
1308	4.03721	1.73109
1309	3.97573	1.72699
1310	3.99272	1.72261
1311	4.03255	1.71772
1312	4.16869	1.71154
1313	4.13246	1.7036
1314	4.13286	1.69535
1315	4.09499	1.68785
1316	4.18086	1.68134
1317	4.1307	1.67572
1318	4.22511	1.67116
1319	4.26056	1.66808
1320	4.20988	1.66661
1321	4.45192	1.66642
1322	4.45228	1.66719
1323	4.42998	1.66891
1324	4.40375	1.67171
1325	4.38225	1.67553
1326	4.46929	1.68029
1327	4.46956	1.686
1328	4.46985	1.69256
1329	4.37533	1.69952
1330	4.37563	1.70597
1331	4.43395	1.71228
1332	4.46679	1.71855
1333	4.51806	1.72396
1334	4.46268	1.72778
1335	4.46323	1.73073
1336	4.46381	1.7325
1337	4.54152	1.73331
1338	4.58973	1.73352
1339	4.46494	1.73322
1340	4.56839	1.73235
1341	4.67937	1.73081
1342	4.68	1.72852
1343	4.68064	1.72533
1344	4.68131	1.72106
1345	4.68199	1.71542
1346	4.68268	1.70815
1347	4.72823	1.69948
1348	4.69021	1.69025
1349	4.71928	1.68129
1350	4.77039	1.67298
1351	4.77095	1.66527
1352	4.77152	1.65794
1353	4.79051	1.65055
1354	5.03931	1.64315
1355	5.01811	1.63599
1356	5.03707	1.6293
1357	5.03758	1.62343
1358	5.12537	1.61857
1359	5.1258	1.61472
1360	5.13149	1.61184
1361	5.13187	1.60992
1362	4.9944	1.60904
1363	5.02724	1.60933
1364	5.00838	1.61092
1365	5.07009	1.6138
1366	5.12216	1.61782
1367	5.12243	1.62272
1368	5.12269	1.62818
1369	5.12295	1.63389
1370	5.18548	1.63965
1371	5.23741	1.64537
1372	5.21755	1.65094
1373	5.3515	1.65601
1374	5.41386	1.6601
1375	5.44109	1.66333
1376	5.44128	1.66564
1377	5.44147	1.66678
1378	5.44166	1.66638
1379	5.64892	1.66484
1380	5.64907	1.66284
1381	5.64923	1.6606
1382	5.64939	1.65795
1383	5.67784	1.65465
1384	5.50305	1.65061
1385	5.50122	1.64616
1386	5.56413	1.64187
1387	5.56419	1.63833
1388	5.6167	1.63606
1389	5.62473	1.6353
1390	5.78558	1.63608
1391	5.78886	1.63818
1392	5.77389	1.6413
1393	5.77376	1.64518
1394	5.77366	1.64968
1395	5.77357	1.65477
1396	5.77351	1.66029
1397	5.69064	1.66586
1398	5.69059	1.67081
1399	5.72645	1.67474
1400	5.93571	1.67716
1401	5.84047	1.67704
1402	5.84029	1.67532
1403	5.8798	1.67323
1404	5.87962	1.67129
1405	5.8221	1.66977
1406	5.94337	1.66871
1407	5.97319	1.66789
1408	6.02141	1.66704
1409	5.9909	1.66596
1410	5.99073	1.66437
1411	5.99058	1.6619
1412	6.03349	1.65859
1413	6.00443	1.65459
1414	6.00437	1.65028
1415	6.00434	1.64614
1416	6.04777	1.64267
1417	5.97916	1.64032
1418	6.04376	1.63883
1419	6.13554	1.63747
1420	6.16207	1.63585
1421	6.16216	1.63305
1422	6.18446	1.62899
1423	6.18462	1.62468
1424	6.13921	1.62151
1425	6.11913	1.62007
1426	6.33483	1.62032
1427	6.28787	1.62197
1428	6.28769	1.62483
1429	6.31861	1.62873
1430	6.27444	1.6333
1431	6.2451	1.63839
1432	6.45923	1.64381
1433	6.42421	1.64938
1434	6.40819	1.65505
1435	6.40802	1.66077
1436	6.40786	1.66652
1437	6.40771	1.67234
1438	6.48864	1.67813
1439	6.60221	1.68369
1440	6.62197	1.68887
1441	6.6217	1.69374
1442	6.63105	1.69842
1443	6.63409	1.7027
1444	6.66792	1.7066
1445	6.72839	1.70979
1446	6.72824	1.71186
1447	6.80238	1.71252
1448	6.70472	1.7118
1449	6.70449	1.70998
1450	6.74845	1.70746
1451	6.74824	1.7046
1452	6.74548	1.70133
1453	6.74522	1.69697
1454	6.74498	1.6909
1455	6.76957	1.68327
1456	6.7543	1.6747
1457	6.79583	1.66609
1458	6.79564	1.65803
1459	6.79547	1.65053
1460	6.79531	1.64339
1461	6.79518	1.63645
1462	6.79506	1.62946
1463	6.79496	1.6225
1464	6.84618	1.61672
1465	6.84611	1.61277
1466	6.8803	1.61086
1467	6.88025	1.61066
1468	6.8278	1.61127
1469	6.85135	1.61166
1470	6.92861	1.61137
1471	6.92856	1.61113
1472	6.95673	1.61194
1473	6.95676	1.61361
1474	7.04315	1.61551
1475	7.08163	1.61716
1476	7.08167	1.61849
1477	7.08173	1.61967
1478	7.08182	1.62098
1479	7.08192	1.62264
1480	7.08205	1.62475
1481	7.0822	1.62729
1482	7.0606	1.63002
1483	7.00006	1.63267
1484	7.02909	1.63496
1485	7.02922	1.63648
1486	7.09003	1.63697
1487	7.09014	1.63708
1488	7.13329	1.63717
1489	7.16939	1.63727
1490	7.27591	1.63727
1491	7.27596	1.63693
1492	7.13583	1.63588
1493	7.0977	1.63355
1494	7.09783	1.62928
1495	7.14606	1.62367
1496	7.14619	1.61758
1497	7.14634	1.61129
1498	7.198	1.60479
1499	7.19815	1.59854
1500	7.19834	1.59302
1501	7.16573	1.58836
1502	7.16589	1.58448
1503	7.20608	1.58122
1504	7.24687	1.57848
1505	7.28443	1.57617
1506	7.2846	1.57421
1507	7.32094	1.57243
1508	7.33104	1.57056
1509	7.40169	1.56845
1510	7.48269	1.56612
1511	7.47075	1.56366
1512	7.3972	1.56115
1513	7.50572	1.55865
1514	7.50565	1.55625
1515	7.50563	1.55436
1516	7.49479	1.55343
1517	7.52067	1.55371
1518	7.63337	1.55524
1519	7.56452	1.55773
1520	7.51809	1.56058
1521	7.5183	1.56342
1522	7.63044	1.56639
1523	7.60344	1.57003
1524	7.64511	1.57441
1525	7.56445	1.57934
1526	7.56491	1.58448
1527	7.52381	1.58947
1528	7.40551	1.59399
1529	7.31346	1.59814
1530	7.31488	1.60229
1531	7.31557	1.6066
1532	7.3163	1.61091
1533	7.31708	1.61505
1534	7.41146	1.61892
1535	7.34297	1.62232
1536	7.42953	1.62499
1537	7.43032	1.62677
1538	7.45621	1.6277
1539	7.53735	1.6279
1540	7.53824	1.62731
1541	7.53919	1.62576
1542	7.50735	1.62402
1543	7.54252	1.62255
1544	7.66178	1.62151
1545	7.6628	1.62094
1546	7.69816	1.62091
1547	7.69925	1.62177
1548	7.65597	1.62391
1549	7.78044	1.62736
1550	7.8018	1.6311
1551	7.83725	1.63565
1552	7.84765	1.64067
1553	7.84874	1.64573
1554	7.84986	1.65079
1555	7.81333	1.65572
1556	7.81449	1.66013
1557	7.81568	1.66396
1558	7.79946	1.66757
1559	7.80072	1.6711
1560	7.8458	1.67449
1561	7.84703	1.67746
1562	7.69648	1.67974
1563	7.81144	1.68154
1564	7.81269	1.68323
1565	7.85314	1.68506
1566	7.91318	1.68716
1567	7.91445	1.68937
1568	7.91574	1.69109
1569	7.93481	1.69244
1570	8.01556	1.69397
1571	8.18711	1.69593
1572	8.16935	1.69821
1573	8.1222	1.70073
1574	8.14719	1.70328
1575	8.15373	1.70537
1576	8.19757	1.70601
1577	8.25219	1.70419
1578	8.22499	1.69987
1579	8.18955	1.69388
1580	8.19046	1.68704
1581	8.30669	1.67995
1582	8.35389	1.67305
1583	8.35474	1.66659
1584	8.21456	1.66071
1585	8.32159	1.65555
1586	8.3182	1.65126
1587	8.08802	1.64742
1588	8.11696	1.64377
1589	8.16039	1.64113
1590	8.24246	1.63946
1591	8.24295	1.63839
1592	8.19758	1.63752
1593	8.22412	1.63685
1594	8.19679	1.63614
1595	8.19711	1.63511
1596	8.24025	1.6337
1597	8.24059	1.63186
1598	8.07909	1.6296
1599	8.07961	1.62695
1600	8.04498	1.62404
1601	8.04553	1.62118
1602	8.04609	1.61856
1603	8.0664	1.61629
1604	8.06688	1.61449
1605	8.05544	1.61334
1606	8.05593	1.61306
1607	8.05516	1.61386
1608	8.1601	1.61582
1609	8.1471	1.61842
1610	8.14743	1.62195
1611	8.13176	1.62668
1612	8.13198	1.63253
1613	8.13219	1.63916
1614	8.13238	1.64568
1615	8.13256	1.6516
1616	8.23699	1.65743
1617	8.22482	1.66316
1618	8.2247	1.66908
1619	8.23664	1.67463
1620	8.3112	1.67988
1621	8.31101	1.68546
1622	8.31982	1.69131
1623	8.3409	1.69701
1624	8.42312	1.70244
1625	8.48109	1.70755
1626	8.45988	1.71213
1627	8.51923	1.7158
1628	8.46622	1.71822
1629	8.46577	1.71969
1630	8.56763	1.72072
1631	8.56704	1.72153
1632	8.60921	1.72208
1633	8.6086	1.72215
1634	8.70344	1.72152
1635	8.72222	1.72028
1636	8.94884	1.71868
1637	8.98293	1.71699
1638	9.05606	1.7155
1639	9.00404	1.71435
1640	8.95409	1.71323
1641	9.01566	1.71219
1642	9.03745	1.71059
1643	9.0368	1.70812
1644	9.03617	1.70512
1645	9.1048	1.70202
1646	9.10409	1.69898
1647	9.12839	1.69608
1648	9.15579	1.69333
1649	9.21606	1.69065
1650	9.21539	1.68762
1651	9.21475	1.68393
1652	9.21416	1.67984
1653	9.2332	1.67558
1654	9.23259	1.67152
1655	9.22529	1.66792
1656	9.17351	1.66476
1657	9.2051	1.66184
1658	9.24449	1.6589
1659	9.10569	1.65569
1660	9.10511	1.65202
1661	9.10458	1.64802
1662	9.09281	1.6441
1663	9.11365	1.64064
1664	9.05582	1.63785
1665	9.1002	1.63583
1666	9.10015	1.63462
1667	9.10017	1.63416
1668	9.1434	1.63423
1669	9.26589	1.6346
1670	9.30244	1.63503
1671	9.30253	1.63541
1672	9.38853	1.63592
1673	9.38879	1.63683
1674	9.38911	1.63836
1675	9.41778	1.64058
1676	9.41823	1.64348
1677	9.41873	1.64676
1678	9.41927	1.64948
1679	9.44765	1.6518
1680	9.44826	1.65419
1681	9.4268	1.65675
1682	9.4275	1.65965
1683	9.42823	1.66288
1684	9.429	1.66618
1685	9.4258	1.66893
1686	9.44036	1.67053
1687	9.44117	1.66989
1688	9.50037	1.66771
1689	9.47215	1.66499
1690	9.58181	1.66206
1691	9.5827	1.65935
1692	9.53714	1.65727
1693	9.61822	1.65609
1694	9.5927	1.65599
1695	9.59378	1.65684
1696	9.7279	1.65825
1697	9.7476	1.65961
1698	9.6345	1.66011
1699	9.63571	1.65935
1700	9.5539	1.65775
1701	9.56759	1.65564
1702	9.56874	1.65297
1703	9.49101	1.64981
1704	9.49206	1.64667
1705	9.45252	1.64417
1706	9.41553	1.64262
1707	9.41667	1.6419
1708	9.6345	1.64168
1709	9.69597	1.64243
1710	9.69711	1.64448
1711	9.69825	1.64778
1712	9.69939	1.65187
1713	9.65246	1.65626
1714	9.75819	1.66055
1715	9.85171	1.66415
1716	9.8528	1.66618
1717	9.8539	1.66745
1718	9.85499	1.66925
1719	9.81659	1.67211
1720	9.65227	1.67629
1721	9.57659	1.68178
1722	9.57771	1.68825
1723	9.61223	1.6953
1724	9.50644	1.70263
1725	9.56869	1.71011
1726	9.62596	1.71762
1727	9.62702	1.72495
1728	9.62808	1.73179
1729	9.62914	1.73766
1730	9.66676	1.74197
1731	9.66778	1.74466
1732	9.66879	1.7463
1733	9.71282	1.74741
1734	9.76438	1.74827
1735	9.75402	1.74894
1736	9.78993	1.74936
1737	9.79064	1.74947
1738	9.789	1.74926
1739	9.78965	1.74875
1740	9.7803	1.74798
1741	9.77399	1.74692
1742	9.6443	1.74566
1743	9.64511	1.74451
1744	9.72168	1.74376
1745	9.68707	1.7436
1746	9.6265	1.7442
1747	9.6273	1.74576
1748	9.61302	1.74849
1749	9.58532	1.75227
1750	9.51341	1.75694
1751	9.40716	1.76265
1752	9.3667	1.76923
1753	9.36746	1.77644
1754	9.36824	1.78389
1755	9.44582	1.79122
1756	9.44657	1.79816
1757	9.45938	1.80425
1758	9.59525	1.80944
1759	9.59619	1.81424
1760	9.62552	1.81893
1761	9.62649	1.82368
1762	9.66386	1.82858
1763	9.58317	1.83362
1764	9.58408	1.83873
1765	9.59481	1.84377
1766	9.56161	1.84862
1767	9.51584	1.85331
1768	9.51674	1.85797
1769	9.50835	1.86258
1770	9.50928	1.86719
1771	9.54212	1.87195
1772	9.54311	1.87698
1773	9.55757	1.88227
1774	9.58622	1.88763
1775	9.5871	1.89219
1776	9.58798	1.89494
1777	9.55867	1.89711
1778	9.55959	1.89945
1779	9.56335	1.90196
1780	9.56423	1.90428
1781	9.58752	1.90641
1782	9.75535	1.9087
1783	9.7782	1.9115
1784	9.73117	1.91513
1785	9.6962	1.91958
1786	9.5156	1.92376
1787	9.48155	1.92745
1788	9.44606	1.93095
1789	9.44704	1.9341
1790	9.43089	1.93681
1791	9.39963	1.93913
1792	9.40067	1.94104
1793	9.44915	1.9424
1794	9.49811	1.94319
1795	9.55531	1.94363
1796	9.58993	1.94397
1797	9.68367	1.94424
1798	9.5522	1.94399
1799	9.5312	1.94278
1800	9.56759	1.94044
1801	9.6277	1.93735
1802	9.78996	1.93382
1803	9.66014	1.93031
1804	9.66085	1.92687
1805	9.68455	1.92342
1806	9.70912	1.91986
1807	9.70979	1.9161
1808	9.71047	1.91222
1809	9.66305	1.90816
1810	9.66374	1.90405
1811	9.70297	1.90021
1812	9.70375	1.89676
1813	9.71847	1.8936
1814	9.68886	1.89055
1815	9.635	1.88718
1816	9.56328	1.8828
1817	9.56385	1.87571
1818	9.51862	1.86828
1819	9.47059	1.86138
1820	9.41194	1.8549
1821	9.30519	1.84922
1822	9.10285	1.84468
1823	9.08111	1.84136
1824	9.23088	1.83932
1825	9.3211	1.83839
1826	9.32156	1.83754
1827	9.32953	1.83754
1828	9.32995	1.8384
1829	9.30967	1.83984
1830	9.35762	1.84157
1831	9.45881	1.84335
1832	9.49344	1.84487
1833	9.5272	1.84588
1834	9.51717	1.84621
1835	9.54905	1.84585
1836	9.62092	1.84496
1837	9.594	1.84369
1838	9.55284	1.84219
1839	9.52058	1.84053
1840	9.54598	1.83879
1841	9.54636	1.8369
1842	9.62438	1.83506
1843	9.62482	1.83387
1844	9.62529	1.83374
1845	9.62139	1.83471
1846	9.644	1.83662
1847	9.64461	1.83908
1848	9.69992	1.84148
1849	9.70062	1.84297
1850	9.62997	1.84286
1851	9.63078	1.84109
1852	9.64796	1.83753
1853	9.62456	1.83244
1854	9.66526	1.82638
1855	9.6662	1.81987
1856	9.69733	1.81323
1857	9.69837	1.8067
1858	9.69943	1.80046
1859	9.70927	1.79463
1860	9.71036	1.78945
1861	9.73026	1.78518
1862	9.62562	1.78183
1863	9.62676	1.7791
1864	9.55705	1.77669
1865	9.52307	1.77453
1866	9.44123	1.77278
1867	9.4424	1.77163
1868	9.41238	1.771
1869	9.41357	1.77123
1870	9.41479	1.77271
1871	9.41605	1.77506
1872	9.43776	1.77709
1873	9.52403	1.77773
1874	9.5598	1.77787
1875	9.56107	1.77804
1876	9.52935	1.77833
1877	9.53066	1.77858
1878	9.53199	1.778
1879	9.68254	1.77578
1880	9.5814	1.77312
1881	9.55922	1.77074
1882	9.51467	1.76876
1883	9.44866	1.76708
1884	9.45445	1.76536
1885	9.45579	1.7631
1886	9.45716	1.75983
1887	9.49301	1.75524
1888	9.47518	1.74944
1889	9.47661	1.74234
1890	9.52279	1.73391
1891	9.52419	1.72513
1892	9.52559	1.71704
1893	9.49372	1.71035
1894	9.54096	1.70526
1895	9.44826	1.70141
1896	9.42121	1.69814
1897	9.46932	1.69458
1898	9.53555	1.68954
1899	9.58639	1.68351
1900	9.43757	1.67783
1901	9.4148	1.67306
1902	9.33195	1.66928
1903	9.33313	1.66637
1904	9.34127	1.66412
1905	9.3844	1.66245
1906	9.38552	1.66143
1907	9.38664	1.66124
1908	9.32322	1.66195
1909	9.21447	1.66343
1910	9.33342	1.66551
1911	9.22716	1.66785
1912	9.22806	1.67031
1913	9.25736	1.67297
1914	9.25825	1.67554
1915	9.25915	1.67907
1916	9.21041	1.68427
1917	9.19593	1.69103
1918	9.15923	1.6985
1919	9.1024	1.70585
1920	9.15413	1.71317
1921	9.11924	1.7206
1922	9.12666	1.72785
1923	9.14565	1.73476
1924	9.13381	1.74123
1925	9.13452	1.74718
1926	9.05815	1.75272
1927	9.0776	1.75807
1928	9.07829	1.76334
1929	9.07975	1.76845
1930	9.08043	1.77317
1931	9.08115	1.77722
1932	9.0448	1.7803
1933	9.04545	1.78221
1934	8.97009	1.78261
1935	9.03849	1.78102
1936	9.04289	1.77756
1937	9.05044	1.77312
1938	9.05119	1.76871
1939	9.05199	1.76439
1940	9.05283	1.75943
1941	9.18614	1.75472
1942	9.18704	1.74965
1943	9.18797	1.74419
1944	9.18895	1.73868
1945	9.18998	1.73343
1946	9.14518	1.72861
1947	9.12372	1.72394
1948	9.10398	1.71893
1949	9.06708	1.7134
1950	9.12793	1.70783
1951	9.12911	1.70271
1952	9.13034	1.69821
1953	9.17265	1.6944
1954	9.17396	1.69125
1955	9.22089	1.6886
1956	9.21505	1.68644
1957	9.16327	1.68459
1958	9.16461	1.68306
1959	9.13505	1.68252
1960	9.13649	1.68341
1961	9.13795	1.68545
1962	9.12139	1.68784
1963	9.14064	1.69042
1964	9.14219	1.69396
1965	9.18689	1.699
1966	9.16835	1.70552
1967	9.17002	1.71292
1968	9.1717	1.72047
1969	9.21598	1.728
1970	9.2177	1.73536
1971	9.21943	1.74223
1972	9.22118	1.74804
1973	9.22294	1.7524
1974	9.32007	1.75585
1975	9.26507	1.75919
1976	9.26666	1.76283
1977	9.34786	1.76682
1978	9.36729	1.77117
1979	9.3688	1.776
1980	9.36979	1.78131
1981	9.37124	1.78702
1982	9.44422	1.79309
1983	9.47426	1.79953
1984	9.47564	1.80641
1985	9.58102	1.81371
1986	9.56311	1.82139
1987	9.55172	1.82917
1988	9.61164	1.83679
1989	9.61282	1.84417
1990	9.61401	1.84924
1991	9.63829	1.85293
1992	9.5673	1.85618
1993	9.56693	1.85893
1994	9.68606	1.861
1995	9.78592	1.86185
1996	9.78038	1.86095
1997	9.80188	1.85914
1998	9.80257	1.85727
1999	9.80328	1.8556
2000	9.76362	1.85392
2001	9.67943	1.85169
2002	9.65163	1.84843
2003	9.65219	1.84396
2004	9.65277	1.8385
2005	9.65334	1.83206
2006	9.65927	1.82451
2007	9.65541	1.81619
2008	9.58323	1.80767
2009	9.5747	1.79985
2010	9.67364	1.79351
2011	9.67399	1.789
2012	9.67434	1.78567
2013	9.67471	1.7822
2014	9.65413	1.7792
2015	9.58829	1.77729
2016	9.58876	1.77643
2017	9.63832	1.77659
2018	9.73251	1.77781
2019	9.69691	1.77999
2020	9.81077	1.78285
2021	9.74877	1.78593
2022	9.90954	1.7887
2023	9.98082	1.79059
2024	10.0812	1.79093
2025	10.1113	1.78963
2026	10.1318	1.7868
2027	10.1322	1.78296
2028	10.1326	1.779
2029	10.1792	1.77559
2030	10.1796	1.77312
2031	10.1149	1.77142
2032	10.1152	1.77022
2033	10.1018	1.76982
2034	10.1021	1.77031
2035	10.0235	1.77154
2036	10.1668	1.77289
2037	10.1371	1.77415
2038	10.1375	1.77578
2039	9.96743	1.77773
2040	9.96779	1.77973
2041	10.0301	1.78172
2042	10.0304	1.78371
2043	10.0308	1.78581
2044	10.0558	1.7881
2045	10.1127	1.79038
2046	10.1704	1.79253
2047	10.1987	1.79468
2048	10.2758	1.79686
2049	10.2884	1.79888
2050	10.2886	1.80039
2051	10.2888	1.80112
2052	10.4067	1.80131
2053	10.4955	1.80141
2054	10.4956	1.80198
2055	10.5084	1.80337
2056	10.4286	1.80526
2057	10.4237	1.80663
2058	10.4237	1.80683
2059	10.3527	1.80498
2060	10.4967	1.80176
2061	10.4966	1.79795
2062	10.5026	1.79378
2063	10.4936	1.78957
2064	10.7233	1.78568
2065	10.7397	1.7824
2066	10.712	1.77987
2067	10.7117	1.77815
2068	10.7115	1.77721
2069	10.7319	1.77699
2070	10.6509	1.77731
2071	10.6687	1.7778
2072	10.781	1.77812
2073	10.7717	1.77803
2074	10.7587	1.77761
2075	10.7586	1.77729
2076	10.5215	1.77719
2077	10.5712	1.77634
2078	10.5713	1.77495
2079	10.6224	1.77379
2080	10.6225	1.77329
2081	10.6226	1.77341
2082	10.6228	1.77255
2083	10.5942	1.7694
2084	10.6152	1.76381
2085	10.7275	1.7573
2086	10.7632	1.7515
2087	10.7633	1.74698
2088	10.7633	1.74386
2089	10.7634	1.742
2090	10.7635	1.74111
2091	10.7833	1.74082
2092	10.751	1.74077
2093	10.8554	1.74066
2094	10.7884	1.74027
2095	10.8165	1.73937
2096	10.7137	1.73767
2097	10.7136	1.73425
2098	10.7135	1.72903
2099	10.6315	1.72297
2100	10.7803	1.71635
2101	10.7986	1.70939
2102	10.7985	1.70249
2103	10.7984	1.69591
2104	10.7983	1.68963
2105	10.7983	1.68352
2106	10.74	1.67761
2107	10.74	1.67205
2108	10.836	1.66698
2109	10.8185	1.66248
2110	10.8185	1.6586
2111	10.7835	1.65528
2112	10.8516	1.65249
2113	10.9078	1.65015
2114	10.9078	1.64831
2115	10.9078	1.64707
2116	10.9047	1.64649
2117	10.988	1.64647
2118	10.9879	1.64669
2119	10.9878	1.64661
2120	11.004	1.64589
2121	11.004	1.64471
2122	10.9919	1.64372
2123	11.0344	1.64386
2124	11.0342	1.64571
2125	11.024	1.6492
2126	11.0465	1.65374
2127	11.1608	1.65857
2128	11.1608	1.66335
2129	11.1608	1.66828
2130	11.2025	1.67248
2131	11.1307	1.6762
2132	11.1903	1.68004
2133	11.202	1.68404
2134	11.1802	1.68804
2135	11.1802	1.69152
2136	11.0982	1.69369
2137	11.0983	1.69513
2138	11.281	1.69591
2139	11.331	1.69589
2140	11.3311	1.69518
2141	11.3312	1.69393
2142	11.3314	1.69218
2143	11.3593	1.68993
2144	11.367	1.68706
2145	11.5242	1.6834
2146	11.5183	1.67903
2147	11.5857	1.67407
2148	11.5856	1.66864
2149	11.5367	1.66304
2150	11.5367	1.65766
2151	11.6297	1.65277
2152	11.6296	1.64849
2153	11.5778	1.6448
2154	11.5927	1.64164
2155	11.5861	1.63884
2156	11.5859	1.63566
2157	11.5869	1.6317
2158	11.6246	1.62756
2159	11.6244	1.62343
2160	11.6761	1.61933
2161	11.6701	1.61563
2162	11.6912	1.61288
2163	11.691	1.61124
2164	11.7168	1.61069
2165	11.6197	1.61111
2166	11.6187	1.61194
2167	11.6995	1.61187
2168	11.7872	1.60979
2169	11.7865	1.60747
2170	11.7479	1.60517
2171	11.7471	1.60267
2172	11.8322	1.60039
2173	11.9088	1.59869
2174	11.9079	1.59748
2175	11.9236	1.59673
2176	11.9066	1.59663
2177	11.9056	1.59678
2178	12.0546	1.59605
2179	12.0537	1.59479
2180	12.0527	1.59322
2181	12.0518	1.59171
2182	11.918	1.59107
2183	11.9172	1.59205
2184	11.9164	1.59487
2185	11.8881	1.59863
2186	11.9164	1.60357
2187	11.8429	1.60979
2188	11.9216	1.61666
2189	11.9343	1.62352
2190	11.8993	1.62976
2191	11.8764	1.63507
2192	11.9336	1.63946
2193	11.9769	1.64286
2194	11.9762	1.64496
2195	12.0881	1.64623
2196	12.2555	1.64698
2197	12.1738	1.64755
2198	12.1729	1.64821
2199	12.172	1.6491
2200	12.1398	1.65023
2201	12.0459	1.65168
2202	12.0448	1.65348
2203	12.0436	1.65575
2204	12.0471	1.65862
2205	12.046	1.66162
2206	12.0449	1.6634
2207	12.1277	1.66472
2208	12.1266	1.66531
2209	12.1087	1.66641
2210	12.1077	1.66877
2211	12.0754	1.6724
2212	12.1402	1.67696
2213	12.1244	1.68217
2214	12.1235	1.68752
2215	12.1227	1.69267
2216	12.1023	1.69765
2217	12.1345	1.70286
2218	12.1566	1.70881
2219	12.208	1.71573
2220	12.2073	1.72363
2221	12.2066	1.73251
2222	12.1534	1.74247
2223	12.1281	1.75362
2224	12.1271	1.76589
2225	12.1262	1.77882
2226	12.1328	1.7918
2227	12.1713	1.80453
2228	12.1265	1.8167
2229	12.1257	1.8272
2230	12.0276	1.83614
2231	11.9439	1.84383
2232	11.8905	1.84966
2233	11.8901	1.85331
2234	11.8898	1.85476
2235	11.8895	1.85369
2236	11.8175	1.85033
2237	11.8174	1.84528
2238	11.8693	1.839
2239	11.9019	1.83202
2240	11.9536	1.82502
2241	11.9537	1.81864
2242	11.9539	1.81322
2243	11.9541	1.80885
2244	11.9623	1.80502
2245	12.0079	1.80159
2246	12.0831	1.79913
2247	12.0427	1.7974
2248	12.073	1.79566
2249	12.0734	1.79403
2250	12.1859	1.79316
2251	12.1863	1.7924
2252	12.1315	1.79206
2253	12.093	1.79217
2254	12.0936	1.79267
2255	12.1905	1.7936
2256	12.3512	1.79475
2257	12.3519	1.79596
2258	12.3527	1.79698
2259	12.3536	1.79777
2260	12.4486	1.79868
2261	12.5911	1.79971
2262	12.5921	1.80089
2263	12.614	1.80228
2264	12.6734	1.80379
2265	12.6746	1.80509
2266	12.6758	1.80574
2267	12.6368	1.80525
2268	12.7051	1.8031
2269	12.6811	1.79928
2270	12.6531	1.79419
2271	12.5569	1.7881
2272	12.558	1.78109
2273	12.5591	1.7733
2274	12.6923	1.7651
2275	12.7366	1.75724
2276	12.866	1.75003
2277	12.8272	1.74335
2278	12.8697	1.73711
2279	12.8704	1.73132
2280	12.8711	1.72597
2281	12.8718	1.72098
2282	12.8726	1.71629
2283	12.8733	1.71226
2284	12.9477	1.70868
2285	12.9421	1.70553
2286	12.9428	1.70331
2287	12.9963	1.70254
2288	12.9971	1.70358
2289	12.9686	1.70658
2290	12.9693	1.7114
2291	12.9701	1.71769
2292	12.9709	1.72504
2293	12.9717	1.73307
2294	13.09	1.74145
2295	13.0909	1.74969
2296	13.0958	1.75721
2297	13.0966	1.76363
2298	13.0531	1.76871
2299	13.0539	1.77192
2300	13.0547	1.77223
2301	13.1007	1.76991
2302	13.1621	1.76552
2303	13.1505	1.7594
2304	13.1514	1.75182
2305	13.1524	1.74289
2306	13.1534	1.73271
2307	13.2357	1.72176
2308	13.2026	1.71065
2309	13.2038	1.69988
2310	13.2049	1.68977
2311	13.2061	1.68042
2312	13.2206	1.67149
2313	13.2217	1.66273
2314	13.1944	1.65477
2315	13.297	1.64812
2316	13.2788	1.64285
2317	13.2797	1.63889
2318	13.2805	1.6361
2319	13.2417	1.6341
2320	13.2426	1.63328
2321	13.2228	1.63363
2322	13.2248	1.63449
2323	13.2255	1.63517
2324	13.214	1.63602
2325	13.1996	1.63772
2326	13.2003	1.64014
2327	13.1857	1.64296
2328	13.1863	1.64611
2329	13.187	1.64982
2330	13.1332	1.65453
2331	13.2252	1.66064
2332	13.1943	1.66829
2333	13.1948	1.6756
2334	13.1953	1.68262
2335	13.1764	1.69068
2336	13.1477	1.69914
2337	13.1679	1.70796
2338	13.1682	1.71777
2339	13.2932	1.72789
2340	13.2239	1.73634
2341	13.196	1.74372
2342	13.1961	1.75085
2343	13.2622	1.75753
2344	13.3202	1.76355
2345	13.3202	1.76912
2346	13.3714	1.77449
2347	13.39	1.77974
2348	13.3899	1.78473
2349	13.3574	1.78925
2350	13.38	1.79324
2351	13.4075	1.79673
2352	13.4073	1.7997
2353	13.3628	1.80207
2354	13.4343	1.8038
2355	13.4605	1.80498
2356	13.5201	1.80566
2357	13.4924	1.80575
2358	13.4919	1.80475
2359	13.4042	1.80202
2360	13.1763	1.79764
2361	13.1393	1.79183
2362	13.1126	1.78488
2363	13.131	1.77727
2364	13.1947	1.76946
2365	13.1941	1.7617
2366	13.1934	1.75415
2367	13.252	1.74704
2368	13.119	1.74064
2369	13.1212	1.73508
2370	13.1206	1.73017
2371	13.0058	1.72559
2372	12.8833	1.72151
2373	13.0492	1.71824
2374	12.9737	1.71576
2375	12.9499	1.71382
2376	12.9414	1.7117
2377	12.9864	1.709
2378	13.0194	1.7059
2379	13.0189	1.70082
2380	13.1313	1.69552
2381	13.149	1.69082
2382	13.1308	1.6869
2383	13.182	1.68402
2384	13.2522	1.68239
2385	13.1881	1.68205
2386	13.2054	1.68288
2387	13.205	1.6849
2388	13.2224	1.68799
2389	13.1607	1.69184
2390	13.2081	1.69624
2391	13.2213	1.70091
2392	13.1879	1.70562
2393	13.2512	1.71063
2394	13.2505	1.71618
2395	13.1435	1.7223
2396	13.1427	1.72875
2397	13.1419	1.73481
2398	13.1411	1.7406
2399	13.1404	1.7462
2400	13.0906	1.75169
2401	13.1324	1.75702
2402	13.1318	1.7621
2403	12.9375	1.76683
2404	12.937	1.77119
2405	12.9366	1.77517
2406	12.9362	1.7788
2407	12.9581	1.78198
2408	12.9924	1.78405
2409	12.9921	1.78384
2410	12.9918	1.78142
2411	12.979	1.7776
2412	13.0181	1.77265
2413	12.991	1.76647
2414	12.9908	1.75921
2415	12.9906	1.75114
2416	13.1161	1.74231
2417	13.1523	1.73269
2418	13.1832	1.72271
2419	13.2138	1.71283
2420	13.2474	1.70127
2421	13.3301	1.69012
2422	13.3914	1.68021
2423	13.3913	1.67183
2424	13.4836	1.66483
2425	13.5001	1.65869
2426	13.5	1.65296
2427	13.4916	1.64725
2428	13.4915	1.64121
2429	13.4914	1.63467
2430	13.6164	1.62748
2431	13.6532	1.61933
2432	13.7107	1.61067
2433	13.7828	1.6022
2434	13.8049	1.59452
2435	13.889	1.58796
2436	13.8844	1.5826
2437	13.8843	1.57828
2438	13.8843	1.57476
2439	13.8843	1.57179
2440	13.8843	1.56923
2441	13.8844	1.56696
2442	13.8844	1.56496
2443	13.8845	1.56327
2444	13.9483	1.56208
2445	13.8492	1.56164
2446	13.784	1.56214
2447	13.8514	1.56351
2448	13.8458	1.56507
2449	13.8457	1.5663
2450	13.8638	1.568
2451	13.8726	1.57057
2452	13.8726	1.57406
2453	13.9537	1.57817
2454	13.9536	1.58234
2455	13.9535	1.587
2456	13.9534	1.59293
2457	13.9172	1.60021
2458	13.9451	1.6083
2459	13.9448	1.61713
2460	13.9445	1.62658
2461	13.9443	1.63587
2462	13.9574	1.64405
2463	13.9571	1.6513
2464	13.8732	1.65816
2465	13.8728	1.6652
2466	13.8724	1.67281
2467	13.8721	1.68122
2468	13.8959	1.69047
2469	13.8956	1.70037
2470	13.8771	1.71054
2471	13.8327	1.72064
2472	13.7862	1.73024
2473	13.7541	1.73816
2474	13.8745	1.74432
2475	13.8103	1.7508
2476	13.8282	1.75865
2477	13.8279	1.76781
2478	13.8276	1.7778
2479	13.8527	1.78772
2480	13.8897	1.79736
2481	13.8895	1.80677
2482	13.8894	1.81579
2483	13.9293	1.82442
2484	13.7639	1.83264
2485	13.6163	1.84023
2486	13.6164	1.84689
2487	13.6926	1.85236
2488	13.6926	1.85644
2489	13.6927	1.85937
2490	13.6928	1.86112
2491	13.6609	1.86155
2492	13.6611	1.86056
2493	13.7409	1.85817
2494	13.7412	1.85457
2495	13.6537	1.85001
2496	13.7544	1.84466
2497	13.7328	1.83866
2498	13.7308	1.83208
2499	13.7315	1.82502
2500	13.5764	1.81751
2501	13.5458	1.80939
2502	13.5468	1.80127
2503	13.5781	1.7942
2504	13.5778	1.78871
2505	13.5954	1.78488
2506	13.5966	1.78251
2507	13.5977	1.78122
2508	13.693	1.78011
2509	13.6943	1.77761
2510	13.6957	1.77253
2511	13.6807	1.76597
2512	13.6828	1.75984
2513	13.6844	1.75509
2514	13.686	1.75185
2515	13.6876	1.74986
2516	13.6549	1.74895
2517	13.5214	1.74896
2518	13.523	1.74961
2519	13.5889	1.75085
2520	13.6471	1.75285
2521	13.5542	1.75566
2522	13.6911	1.75914
2523	13.8017	1.763
2524	13.8388	1.76691
2525	13.8199	1.77083
2526	13.8212	1.77483
2527	13.9002	1.77899
2528	13.932	1.7832
2529	13.8425	1.78715
2530	13.8438	1.79085
2531	13.845	1.79425
2532	14.0452	1.79716
2533	14.0463	1.79966
2534	13.9481	1.80213
2535	13.9663	1.80487
2536	13.9803	1.80729
2537	13.9138	1.81022
2538	13.9148	1.81389
2539	13.9549	1.81834
2540	13.9559	1.82358
2541	13.983	1.82951
2542	14.2018	1.83593
2543	14.2042	1.84259
2544	14.2455	1.84943
2545	14.2526	1.85618
2546	14.2536	1.86254
2547	14.2175	1.86835
2548	14.2379	1.87357
2549	14.2892	1.87815
2550	14.3158	1.88198
2551	14.3393	1.88479
2552	14.34	1.88645
2553	14.2818	1.88738
2554	14.1078	1.88855
2555	14.1119	1.89085
2556	14.1501	1.8947
2557	14.1506	1.89978
2558	14.1512	1.90474
2559	14.1517	1.90916
2560	14.2412	1.91142
2561	14.2418	1.91001
2562	14.2331	1.90854
2563	14.2059	1.90835
2564	14.1849	1.90904
2565	14.1855	1.91011
2566	14.186	1.91145
2567	14.1866	1.91288
2568	14.1872	1.91412
2569	14.2308	1.91505
2570	14.1263	1.91559
2571	13.9984	1.91476
2572	13.9735	1.91284
2573	13.9566	1.9102
2574	13.9573	1.90624
2575	13.9579	1.90031
2576	13.9586	1.89277
2577	13.9593	1.88489
2578	13.9987	1.87761
2579	13.8706	1.87117
2580	14.0867	1.86549
2581	14.0873	1.86073
2582	14.05	1.85675
2583	14.0739	1.85304
2584	14.0747	1.84967
2585	14.0776	1.84664
2586	13.9779	1.84402
2587	13.9787	1.84177
2588	13.9859	1.83961
2589	13.9392	1.83761
2590	13.94	1.83601
2591	13.8563	1.83493
2592	13.9307	1.83453
2593	13.9315	1.83505
2594	13.9323	1.83679
2595	13.9331	1.83998
2596	14.0288	1.84454
2597	14.0296	1.84991
2598	14.0305	1.8552
2599	14.0315	1.86066
2600	14.0324	1.86573
2601	14.0355	1.86964
2602	13.977	1.87178
2603	13.9173	1.87188
2604	13.9183	1.86988
2605	13.9194	1.86629
2606	13.9205	1.86154
2607	13.8826	1.85577
2608	13.8831	1.84916
2609	13.8516	1.84218
2610	13.8528	1.83517
2611	13.8271	1.82818
2612	13.8281	1.82112
2613	13.8293	1.81394
2614	13.8647	1.80654
2615	13.9057	1.79896
2616	13.9265	1.79158
2617	13.8601	1.78478
2618	13.8611	1.77903
2619	13.7961	1.77438
2620	13.774	1.77046
2621	13.7934	1.7674
2622	13.8674	1.7656
2623	13.7612	1.76492
2624	13.7613	1.76498
2625	13.7625	1.76532
2626	13.7637	1.76536
2627	13.7636	1.76486
2628	13.7649	1.76406
2629	13.7603	1.7632
2630	13.7979	1.76251
2631	13.8437	1.7621
2632	13.8449	1.76217
2633	13.8179	1.76298
2634	13.8189	1.7644
2635	13.5299	1.76632
2636	13.5023	1.76931
2637	13.4783	1.77304
2638	13.5079	1.77652
2639	13.4698	1.77906
2640	13.5236	1.78084
2641	13.4971	1.78246
2642	13.5353	1.78431
2643	13.557	1.78647
2644	13.5577	1.78911
2645	13.5798	1.79236
2646	13.6194	1.79604
2647	13.6201	1.79951
2648	13.6208	1.80243
2649	13.493	1.80546
2650	13.4938	1.80861
2651	13.5494	1.81147
2652	13.6014	1.81368
2653	13.6126	1.81517
2654	13.5082	1.8159
2655	13.6354	1.816
2656	13.6362	1.81576
2657	13.6128	1.81545
2658	13.6316	1.8152
2659	13.6325	1.81496
2660	13.6334	1.81448
2661	13.6393	1.81325
2662	13.6352	1.81157
2663	13.6362	1.80946
2664	13.6817	1.80675
2665	13.673	1.80353
2666	13.6741	1.79991
2667	13.8195	1.7959
2668	13.7941	1.7923
2669	13.8013	1.78964
2670	13.7713	1.78828
2671	13.732	1.78817
2672	13.733	1.78905
2673	13.734	1.79111
2674	13.6993	1.79427
2675	13.6226	1.7982
2676	13.6685	1.80242
2677	13.6435	1.80647
2678	13.5278	1.81033
2679	13.5417	1.81406
2680	13.4755	1.81773
2681	13.5084	1.82118
2682	13.6375	1.82437
2683	13.7676	1.82728
2684	13.8362	1.82991
2685	13.837	1.83227
2686	13.7643	1.83443
2687	13.7648	1.83631
2688	13.7469	1.83774
2689	13.7027	1.83861
2690	13.6083	1.83878
2691	13.6048	1.83813
2692	13.6051	1.83671
2693	13.5934	1.83479
2694	13.5619	1.8327
2695	13.562	1.8304
2696	13.5622	1.8278
2697	13.5623	1.82482
2698	13.5624	1.82107
2699	13.5625	1.81599
2700	13.5626	1.80931
2701	13.5561	1.80128
2702	13.5854	1.7926
2703	13.7005	1.78392
2704	13.6945	1.77541
2705	13.6945	1.76712
2706	13.6946	1.75941
2707	13.6947	1.75232
2708	13.8085	1.7455
2709	13.7353	1.73684
2710	13.791	1.72753
2711	13.8011	1.71838
2712	13.8011	1.70947
2713	13.8265	1.7005
2714	13.8355	1.69109
2715	13.9213	1.68126
2716	13.9458	1.67135
2717	13.9733	1.66159
2718	13.9733	1.65217
2719	14.0424	1.64318
2720	14.06	1.63477
2721	14.06	1.62747
2722	14.0599	1.62188
2723	14.0599	1.61826
2724	14.0531	1.61652
2725	13.9988	1.6162
2726	13.9986	1.61693
2727	14.1182	1.61864
2728	14.1721	1.62103
2729	14.2521	1.62345
2730	14.2087	1.62541
2731	14.2084	1.62685
2732	14.266	1.6277
2733	14.2596	1.62808
2734	14.2593	1.62852
2735	14.2478	1.62955
2736	14.2417	1.63144
2737	14.2826	1.63425
2738	14.2324	1.63778
2739	14.2319	1.64181
2740	14.2314	1.64635
2741	14.1612	1.65133
2742	14.0895	1.6561
2743	14.0888	1.66046
2744	14.2321	1.66466
2745	14.2313	1.66879
2746	14.3071	1.67296
2747	14.2772	1.67727
2748	14.2763	1.68178
2749	14.2754	1.68644
2750	14.316	1.69108
2751	14.3151	1.69528
2752	14.3142	1.69799
2753	14.3286	1.69893
2754	14.3277	1.69803
2755	14.1781	1.69572
2756	14.2604	1.69269
2757	14.2596	1.68934
2758	14.2968	1.68589
2759	14.2961	1.68246
2760	14.2966	1.67928
2761	14.4313	1.67664
2762	14.3968	1.67494
2763	14.3963	1.67434
2764	14.2666	1.67465
2765	14.253	1.67483
2766	14.2325	1.67331
2767	14.2322	1.66956
2768	14.2623	1.66449
2769	14.2098	1.65904
2770	14.2257	1.65366
2771	14.2257	1.64914
2772	14.2433	1.64566
2773	14.2433	1.64458
2774	14.2534	1.64655
2775	14.2535	1.65132
2776	14.2536	1.65816
2777	14.2538	1.66473
2778	14.2308	1.66991
2779	14.2366	1.67517
2780	14.3131	1.67971
2781	14.2016	1.68302
2782	14.3005	1.68631
2783	14.3734	1.68939
2784	14.3737	1.69135
2785	14.536	1.6916
2786	14.5605	1.69057
2787	14.5609	1.68858
2788	14.5614	1.68627
2789	14.6146	1.68412
2790	14.5746	1.68235
2791	14.5751	1.68098
2792	14.5756	1.67995
2793	14.5761	1.6791
2794	14.6029	1.67798
2795	14.5465	1.67657
2796	14.6334	1.67519
2797	14.5929	1.67419
2798	14.6181	1.67385
2799	14.6932	1.67413
2800	14.6937	1.67499
2801	14.6942	1.67666
2802	14.7011	1.67937
2803	14.7016	1.68321
2804	14.7021	1.68794
2805	14.7261	1.69324
2806	14.6713	1.69951
2807	14.7077	1.70709
2808	14.7083	1.71605
2809	14.7278	1.72609
2810	14.7223	1.73666
2811	14.6748	1.74756
2812	14.7192	1.75875
2813	14.7069	1.77011
2814	14.7454	1.78145
2815	14.7458	1.79238
2816	14.7463	1.80234
2817	14.7469	1.81078
2818	14.8234	1.81727
2819	14.8298	1.82157
2820	14.8278	1.82373
2821	14.8284	1.82417
2822	14.9691	1.82332
2823	14.9722	1.8216
2824	14.9728	1.81943
2825	14.9734	1.81719
2826	14.9417	1.81524
2827	14.9288	1.81395
2828	14.9548	1.81364
2829	14.8408	1.81438
2830	14.8355	1.81612
2831	14.7752	1.81879
2832	14.7756	1.82211
2833	14.7973	1.82553
2834	14.7978	1.82849
2835	14.7881	1.83099
2836	14.7886	1.83402
2837	14.7948	1.83802
2838	14.8344	1.8431
2839	14.7994	1.84927
2840	14.7927	1.85606
2841	14.8297	1.86291
2842	14.8033	1.86994
2843	14.822	1.8773
2844	14.9551	1.88486
2845	14.9554	1.89238
2846	14.9558	1.89951
2847	14.7431	1.90602
2848	14.7434	1.91177
2849	14.7197	1.91659
2850	14.72	1.92018
2851	14.7763	1.92233
2852	14.8178	1.92279
2853	14.9279	1.92093
2854	14.9049	1.91764
2855	14.843	1.91348
2856	14.89	1.90841
2857	14.946	1.902
2858	14.9463	1.89426
2859	14.9621	1.88608
2860	14.9623	1.87797
2861	14.958	1.86997
2862	14.9583	1.86264
2863	14.9864	1.85653
2864	14.9867	1.85179
2865	15.016	1.84833
2866	14.9157	1.84586
2867	14.8716	1.84389
2868	15.0057	1.84193
2869	14.9916	1.83959
2870	15.3506	1.83665
2871	15.3513	1.8332
2872	15.3626	1.82945
2873	15.331	1.82562
2874	15.1409	1.82126
2875	15.197	1.81597
2876	15.1975	1.81104
2877	15.3128	1.80652
2878	15.4561	1.80227
2879	15.4564	1.79916
2880	15.4527	1.79751
2881	15.448	1.79736
2882	15.4485	1.79873
2883	15.7149	1.80131
2884	15.7063	1.80478
2885	15.7067	1.80919
2886	15.7071	1.81373
2887	15.7075	1.81793
2888	15.708	1.82144
2889	15.7084	1.82338
2890	15.602	1.8233
2891	15.6525	1.82181
2892	15.6201	1.81965
2893	15.6245	1.81728
2894	15.625	1.81481
2895	15.6453	1.81226
2896	15.6459	1.80988
2897	15.6465	1.80796
2898	15.6787	1.80645
2899	15.6794	1.80443
2900	15.8038	1.80217
2901	15.8549	1.79997
2902	15.788	1.79787
2903	15.7887	1.79627
2904	15.8042	1.79511
2905	15.8785	1.79415
2906	15.8667	1.79346
2907	15.8674	1.79327
2908	15.8681	1.7936
2909	15.8632	1.79408
2910	15.8518	1.79412
2911	15.8525	1.79392
2912	15.8383	1.79398
2913	15.8609	1.79438
2914	15.8895	1.79534
2915	15.8456	1.79697
2916	15.8298	1.79897
2917	15.7982	1.80068
2918	15.8024	1.80125
2919	15.779	1.80042
2920	15.8025	1.79822
2921	15.8233	1.79458
2922	15.8553	1.78889
2923	15.8558	1.78116
2924	15.8564	1.77117
2925	15.8569	1.75887
2926	15.5755	1.7449
2927	15.6087	1.73043
2928	15.8153	1.71666
2929	15.8162	1.70448
2930	15.8618	1.69435
2931	15.8627	1.68637
2932	15.8037	1.68031
2933	15.9492	1.67585
2934	15.9501	1.67264
2935	15.9631	1.67019
2936	15.9641	1.66794
2937	15.8914	1.66568
2938	15.8924	1.66343
2939	15.9663	1.6609
2940	16.0295	1.65782
2941	16.0305	1.65424
2942	16.0275	1.65027
2943	16.0285	1.64609
2944	16.1738	1.64248
2945	16.1482	1.64011
2946	16.1491	1.6392
2947	16.15	1.63987
2948	16.2396	1.64224
2949	16.3437	1.64605
2950	16.2669	1.65063
2951	16.2677	1.65433
2952	16.229	1.6569
2953	16.2439	1.65977
2954	16.0196	1.6632
2955	16.1115	1.66652
2956	16.1244	1.67004
2957	16.0872	1.67366
2958	16.0534	1.67745
2959	16.0543	1.68144
2960	16.0485	1.68519
2961	16.0924	1.6881
2962	16.0933	1.69103
2963	16.0943	1.6939
2964	16.0953	1.69661
2965	16.0964	1.69912
2966	16.0195	1.70157
2967	16.0204	1.70418
2968	16.0625	1.70698
2969	16.0857	1.70995
2970	16.1118	1.71318
2971	16.1673	1.71651
2972	16.168	1.71956
2973	16.1687	1.72182
2974	16.0303	1.72282
2975	16.031	1.72245
2976	16.0146	1.72098
2977	16.0152	1.71873
2978	16.0158	1.71576
2979	16.1709	1.71176
2980	16.0987	1.70668
2981	16.0717	1.70067
2982	15.9375	1.69404
2983	15.9377	1.68714
2984	15.9942	1.68025
2985	16.0446	1.67368
2986	16.0447	1.66727
2987	15.9959	1.65954
2988	16.0296	1.6503
2989	16.0937	1.64001
2990	16.1728	1.63032
2991	16.1718	1.62198
2992	16.1715	1.6151
2993	16.2013	1.60959
2994	16.201	1.60567
2995	16.153	1.6032
2996	16.1797	1.60152
2997	16.2146	1.60011
2998	16.3048	1.59917
2999	16.3468	1.59935
