    Step 	 temperature 	 pressure 	 Potential Energy 	 Kinetic Energy 	 Sum Energy

       0	  2.1647	-1.56633	        -19968.5	         18944.1	        -1024.37
       1	 2.16478	-1.56293	        -19969.2	         18944.8	        -1024.42
       2	 2.16494	-1.55254	        -19970.7	         18946.2	        -1024.56
       3	 2.16499	-1.53452	        -19971.4	         18946.6	        -1024.81
       4	 2.16458	-1.50781	        -19968.2	           18943	         -1025.2
       5	 2.16316	-1.47077	        -19956.4	         18930.6	        -1025.76
       6	 2.15996	 -1.4211	        -19929.1	         18902.6	        -1026.55
       7	 2.15388	-1.35571	        -19877.1	         18849.5	        -1027.62
       8	  2.1435	 -1.2706	        -19787.6	         18758.6	        -1028.99
       9	 2.12705	-1.16107	        -19645.3	         18614.7	        -1030.54
      10	 2.10273	-1.02245	        -19433.9	           18402	        -1031.91
      11	 2.06935	-0.852109	        -19142.4	           18110	        -1032.42
      12	 2.02738	-0.65241	        -18774.3	         17742.8	        -1031.51
      13	 1.97956	-0.432712	          -18354	         17324.5	        -1029.53
      14	 1.93025	-0.207253	        -17920.7	         16893.1	        -1027.55
      15	 1.88369	0.0101081	        -17512.1	         16485.8	         -1026.3
      16	 1.84275	0.209635	        -17153.4	         16127.7	        -1025.73
      17	 1.80889	0.385908	        -16856.9	         15831.4	        -1025.51
      18	 1.78265	0.536324	        -16627.3	         15601.9	        -1025.45
      19	 1.76404	0.660058	        -16464.7	         15439.1	        -1025.58
      20	 1.75268	0.757767	        -16365.5	         15339.7	        -1025.84
      21	 1.74792	0.831139	        -16324.2	         15298.1	        -1026.05
      22	 1.74919	 0.88195	        -16335.3	         15309.2	        -1026.18
      23	  1.7559	0.911998	        -16394.5	         15367.9	        -1026.55
      24	 1.76715	0.924377	        -16493.5	         15466.3	        -1027.19
      25	 1.78157	0.923547	        -16620.4	         15592.5	        -1027.88
      26	  1.7977	0.914336	        -16762.1	         15733.5	        -1028.54
      27	 1.81412	0.901353	        -16906.3	         15877.2	        -1029.03
      28	 1.82981	 0.88821	        -17043.7	         16014.4	        -1029.26
      29	 1.84417	0.877066	        -17169.4	         16140.1	        -1029.34
      30	 1.85697	0.869011	        -17281.5	         16252.1	        -1029.37
      31	 1.86818	0.864547	        -17379.5	         16350.1	        -1029.38
      32	 1.87781	0.863865	        -17463.8	         16434.3	        -1029.45
      33	 1.88584	  0.8672	        -17534.2	         16504.6	        -1029.63
      34	 1.89209	0.875135	        -17589.2	         16559.3	        -1029.89
      35	 1.89634	 0.88836	        -17626.5	         16596.5	        -1029.99
      36	 1.89868	0.906615	        -17646.6	         16616.9	        -1029.69
      37	 1.89977	0.927803	        -17655.7	         16626.5	        -1029.17
      38	 1.90065	0.948779	          -17663	         16634.1	        -1028.84
      39	 1.90205	0.967193	        -17675.3	         16646.4	        -1028.87
      40	 1.90416	0.982428	          -17694	         16664.9	        -1029.14
      41	 1.90677	0.995068	        -17717.1	         16687.7	        -1029.38
      42	 1.90965	 1.00573	        -17742.3	         16712.9	        -1029.44
      43	 1.91277	 1.01447	        -17769.6	         16740.2	        -1029.45
      44	 1.91619	 1.02116	        -17799.6	         16770.1	        -1029.52
      45	 1.91985	 1.02604	        -17831.8	         16802.2	        -1029.65
      46	 1.92359	  1.0297	        -17864.7	         16834.9	        -1029.83
      47	 1.92714	 1.03296	        -17895.9	         16865.9	        -1030.03
      48	 1.93026	 1.03662	        -17923.3	         16893.1	        -1030.11
      49	 1.93289	 1.04086	        -17946.2	         16916.2	        -1029.98
      50	 1.93533	 1.04489	        -17967.2	         16937.5	        -1029.73
      51	   1.938	 1.04743	        -17990.6	         16960.9	        -1029.63
      52	 1.94113	 1.04786	        -18018.1	         16988.3	        -1029.81
      53	 1.94453	 1.04677	        -18048.1	         17018.1	        -1030.08
      54	 1.94786	 1.04523	        -18077.3	         17047.1	        -1030.19
      55	 1.95098	 1.04368	        -18104.5	         17074.4	        -1030.07
      56	 1.95405	  1.0417	        -18131.2	         17101.3	        -1029.93
      57	 1.95725	 1.03885	        -18159.2	         17129.3	        -1029.97
      58	 1.96043	 1.03558	        -18187.3	         17157.2	        -1030.13
      59	 1.96328	 1.03295	        -18212.3	         17182.1	        -1030.26
      60	 1.96549	 1.03189	        -18231.7	         17201.4	         -1030.3
      61	 1.96691	 1.03284	        -18244.1	         17213.8	        -1030.28
      62	 1.96758	 1.03571	        -18249.9	         17219.7	        -1030.18
      63	 1.96775	 1.03983	        -18251.1	         17221.1	        -1029.98
      64	 1.96781	 1.04401	        -18251.5	         17221.7	        -1029.78
      65	 1.96821	 1.04696	        -18254.9	         17225.2	        -1029.69
      66	 1.96921	 1.04792	        -18263.7	         17233.9	        -1029.73
      67	 1.97084	 1.04685	          -18278	         17248.2	        -1029.86
      68	 1.97294	 1.04427	        -18296.5	         17266.5	        -1030.02
      69	 1.97525	 1.04098	          -18317	         17286.8	        -1030.17
      70	 1.97752	 1.03781	          -18337	         17306.7	        -1030.38
      71	 1.97941	 1.03578	        -18353.8	         17323.2	        -1030.68
      72	  1.9805	 1.03618	        -18363.6	         17332.7	        -1030.93
      73	 1.98051	 1.03988	        -18363.7	         17332.8	         -1030.9
      74	 1.97966	 1.04632	        -18355.8	         17325.3	        -1030.49
      75	 1.97865	 1.05339	        -18346.7	         17316.5	        -1030.13
      76	 1.97809	 1.05928	        -18341.7	         17311.6	        -1030.13
      77	 1.97799	 1.06395	        -18341.1	         17310.7	        -1030.39
      78	  1.9779	  1.0687	        -18340.7	         17309.9	        -1030.74
      79	 1.97721	 1.07531	        -18334.9	         17303.9	        -1030.99
      80	  1.9755	 1.08497	          -18320	           17289	        -1031.02
      81	 1.97274	 1.09773	        -18295.7	         17264.8	        -1030.85
      82	 1.96925	 1.11258	        -18264.9	         17234.3	        -1030.64
      83	 1.96546	 1.12819	        -18231.7	         17201.1	        -1030.54
      84	 1.96171	  1.1435	        -18198.8	         17168.3	        -1030.45
      85	  1.9583	  1.1576	        -18168.8	         17138.5	        -1030.36
      86	 1.95549	 1.16963	        -18144.3	         17113.9	        -1030.41
      87	 1.95328	 1.17949	        -18125.3	         17094.6	        -1030.68
      88	  1.9514	 1.18806	          -18109	         17078.1	        -1030.94
      89	 1.94958	 1.19612	        -18093.1	         17062.2	        -1030.89
      90	 1.94798	 1.20319	        -18078.9	         17048.2	        -1030.66
      91	   1.947	  1.2081	        -18070.2	         17039.6	        -1030.56
      92	 1.94684	 1.21026	        -18068.9	         17038.2	        -1030.64
      93	  1.9474	 1.21001	        -18073.9	         17043.2	        -1030.76
      94	 1.94848	   1.208	        -18083.4	         17052.6	        -1030.83
      95	  1.9499	 1.20471	        -18095.9	           17065	        -1030.92
      96	  1.9515	 1.20062	          -18110	           17079	        -1031.06
      97	 1.95307	 1.19632	        -18123.9	         17092.7	        -1031.14
      98	 1.95451	 1.19211	        -18136.4	         17105.3	         -1031.1
      99	 1.95589	 1.18774	        -18148.4	         17117.4	        -1030.96
     100	 1.95743	 1.18257	        -18161.7	         17130.9	         -1030.8
     101	 1.95935	 1.17595	        -18178.4	         17147.7	        -1030.71
     102	 1.96173	 1.16767	        -18199.3	         17168.5	        -1030.77
     103	 1.96438	 1.15834	        -18222.6	         17191.7	        -1030.97
     104	 1.96687	 1.14925	        -18244.6	         17213.5	        -1031.14
     105	 1.96882	 1.14156	        -18261.7	         17230.5	        -1031.21
     106	 1.97003	 1.13584	        -18272.3	         17241.1	        -1031.14
     107	 1.97061	 1.13183	        -18277.1	         17246.2	        -1030.88
     108	 1.97097	 1.12832	        -18279.9	         17249.3	        -1030.55
     109	 1.97164	 1.12376	        -18285.4	         17255.2	        -1030.28
     110	 1.97308	 1.11685	        -18297.9	         17267.8	        -1030.12
     111	 1.97554	 1.10694	        -18319.5	         17289.3	         -1030.2
     112	 1.97879	 1.09476	        -18348.4	         17317.7	        -1030.67
     113	   1.982	 1.08281	        -18377.1	         17345.9	        -1031.23
     114	 1.98423	 1.07403	        -18396.8	         17365.3	        -1031.52
     115	 1.98491	 1.07007	        -18402.7	         17371.3	         -1031.4
     116	  1.9842	 1.07053	        -18396.1	           17365	        -1031.04
     117	 1.98265	  1.0737	        -18382.2	         17351.5	        -1030.68
     118	 1.98094	 1.07763	          -18367	         17336.5	        -1030.43
     119	 1.97953	 1.08088	        -18354.6	         17324.2	        -1030.35
     120	 1.97864	 1.08283	        -18346.8	         17316.4	         -1030.4
     121	 1.97821	 1.08355	        -18343.2	         17312.7	        -1030.49
     122	 1.97811	 1.08345	        -18342.4	         17311.8	        -1030.58
     123	 1.97816	 1.08305	        -18342.8	         17312.2	        -1030.63
     124	 1.97822	 1.08272	        -18343.4	         17312.8	        -1030.61
     125	 1.97828	 1.08257	        -18343.8	         17313.3	        -1030.54
     126	 1.97836	 1.08254	        -18344.5	           17314	        -1030.54
     127	  1.9784	 1.08284	          -18345	         17314.3	        -1030.74
     128	 1.97805	 1.08447	        -18342.3	         17311.2	        -1031.03
     129	 1.97691	 1.08863	        -18332.4	         17301.3	        -1031.11
     130	 1.97495	 1.09541	        -18314.9	         17284.1	        -1030.84
     131	 1.97266	 1.10327	        -18294.6	         17264.1	        -1030.49
     132	 1.97065	 1.11031	          -18277	         17246.6	        -1030.43
     133	 1.96914	 1.11581	          -18264	         17233.3	        -1030.71
     134	 1.96784	 1.12053	          -18253	           17222	        -1031.03
     135	  1.9665	 1.12526	        -18241.2	         17210.2	        -1030.95
     136	 1.96533	 1.12926	        -18230.8	           17200	        -1030.79
     137	 1.96458	 1.13167	        -18224.4	         17193.4	        -1030.95
     138	 1.96413	 1.13301	        -18220.4	         17189.5	        -1030.86
     139	 1.96402	  1.1331	        -18219.1	         17188.5	         -1030.6
     140	 1.96449	 1.13121	        -18223.1	         17192.6	         -1030.5
     141	 1.96557	 1.12723	        -18232.7	         17202.1	        -1030.63
     142	 1.96698	 1.12204	        -18245.3	         17214.4	        -1030.82
     143	 1.96841	 1.11665	        -18257.7	         17226.9	        -1030.82
     144	 1.96978	 1.11123	        -18269.7	         17238.9	        -1030.81
     145	 1.97101	 1.10597	        -18280.6	         17249.7	        -1030.93
     146	 1.97198	 1.10142	        -18288.9	         17258.1	        -1030.73
     147	  1.9729	  1.0969	        -18296.5	         17266.2	        -1030.35
     148	 1.97423	 1.09101	        -18308.1	         17277.8	        -1030.25
     149	 1.97611	  1.0834	        -18324.7	         17294.3	        -1030.42
     150	  1.9783	 1.07486	          -18344	         17313.4	        -1030.56
     151	 1.98056	  1.0661	        -18363.8	         17333.2	        -1030.59
     152	 1.98281	  1.0574	        -18383.5	         17352.9	         -1030.6
     153	 1.98504	 1.04889	        -18403.1	         17372.4	        -1030.68
     154	 1.98708	 1.04111	        -18421.2	         17390.2	        -1030.94
     155	 1.98852	 1.03531	        -18434.1	         17402.9	        -1031.23
     156	 1.98895	 1.03283	        -18437.9	         17406.6	        -1031.28
     157	 1.98827	 1.03395	        -18431.8	         17400.7	        -1031.12
     158	 1.98672	 1.03796	        -18417.9	         17387.1	        -1030.87
     159	 1.98467	 1.04368	        -18399.8	         17369.2	        -1030.62
     160	 1.98257	 1.04978	        -18381.2	         17350.8	        -1030.34
     161	  1.9809	  1.0548	        -18366.2	         17336.2	        -1030.05
     162	 1.98009	 1.05735	        -18359.1	         17329.1	        -1029.96
     163	 1.98026	 1.05701	        -18360.7	         17330.6	         -1030.1
     164	 1.98115	 1.05454	        -18368.7	         17338.4	        -1030.35
     165	 1.98228	 1.05132	        -18378.9	         17348.3	        -1030.64
     166	 1.98315	 1.04889	        -18386.7	         17355.9	        -1030.84
     167	  1.9834	 1.04831	        -18388.9	           17358	        -1030.85
     168	 1.98303	 1.04962	        -18385.5	         17354.8	        -1030.73
     169	 1.98224	 1.05224	        -18378.6	         17347.9	        -1030.67
     170	  1.9812	 1.05571	        -18369.5	         17338.8	        -1030.68
     171	 1.97996	 1.05985	        -18358.7	           17328	        -1030.67
     172	 1.97859	 1.06449	        -18346.6	           17316	        -1030.62
     173	 1.97717	 1.06933	        -18334.1	         17303.6	        -1030.55
     174	  1.9758	 1.07402	          -18322	         17291.5	        -1030.46
     175	 1.97458	 1.07816	        -18311.3	         17280.9	        -1030.37
     176	 1.97366	 1.08136	        -18303.1	         17272.8	        -1030.27
     177	 1.97314	 1.08319	        -18298.5	         17268.3	        -1030.19
     178	 1.97311	 1.08336	        -18298.3	           17268	        -1030.23
     179	 1.97349	 1.08208	        -18301.7	         17271.4	        -1030.36
     180	 1.97407	 1.07997	          -18307	         17276.5	        -1030.51
     181	 1.97461	 1.07774	        -18311.8	         17281.2	        -1030.65
     182	 1.97491	   1.076	        -18314.6	         17283.8	        -1030.79
     183	  1.9748	 1.07525	        -18313.7	         17282.9	        -1030.85
     184	 1.97429	 1.07558	        -18309.2	         17278.4	        -1030.79
     185	 1.97352	 1.07657	        -18302.4	         17271.6	        -1030.71
     186	 1.97271	 1.07767	        -18295.1	         17264.5	         -1030.6
     187	 1.97211	 1.07819	        -18289.7	         17259.3	         -1030.4
     188	 1.97207	 1.07717	        -18289.1	         17258.9	         -1030.2
     189	 1.97288	  1.0738	        -18296.2	           17266	        -1030.16
     190	 1.97452	 1.06812	        -18310.7	         17280.4	        -1030.34
     191	 1.97667	 1.06121	        -18329.7	         17299.2	        -1030.58
     192	 1.97883	 1.05448	        -18348.9	         17318.1	        -1030.82
     193	 1.98049	 1.04943	        -18363.7	         17332.6	        -1031.13
     194	 1.98107	 1.04771	        -18369.1	         17337.7	        -1031.43
     195	 1.98007	 1.05072	        -18360.4	         17328.9	        -1031.53
     196	 1.97739	 1.05867	        -18336.7	         17305.4	        -1031.25
     197	  1.9736	 1.06974	        -18302.9	         17272.4	        -1030.51
     198	 1.97006	 1.07994	        -18270.9	         17241.3	        -1029.56
     199	 1.96831	 1.08451	        -18255.1	         17226.1	        -1029.05
     200	 1.96921	  1.0809	        -18263.2	         17233.9	        -1029.31
     201	 1.97236	  1.0703	        -18291.5	         17261.5	        -1030.01
     202	 1.97659	 1.05626	        -18329.2	         17298.5	        -1030.64
     203	 1.98074	 1.04226	        -18365.7	         17334.8	        -1030.91
     204	 1.98419	 1.03026	        -18395.9	           17365	        -1030.87
     205	  1.9868	 1.02075	        -18418.6	         17387.8	        -1030.84
     206	 1.98848	 1.01411	        -18433.4	         17402.5	        -1030.87
     207	 1.98915	 1.01074	        -18439.2	         17408.3	        -1030.83
     208	 1.98882	 1.01063	        -18436.3	         17405.5	        -1030.78
     209	 1.98761	 1.01343	        -18425.7	         17394.9	        -1030.76
     210	 1.98565	 1.01878	        -18408.5	         17377.8	        -1030.71
     211	 1.98316	 1.02599	        -18386.5	           17356	        -1030.57
     212	  1.9805	 1.03395	          -18363	         17332.6	        -1030.39
     213	 1.97805	 1.04144	        -18341.6	         17311.3	        -1030.32
     214	 1.97604	 1.04776	        -18324.1	         17293.7	        -1030.45
     215	 1.97436	 1.05311	        -18309.6	         17278.9	        -1030.65
     216	 1.97283	 1.05797	        -18296.2	         17265.6	        -1030.61
     217	 1.97164	 1.06179	        -18285.4	         17255.2	        -1030.22
     218	 1.97141	 1.06267	          -18283	         17253.1	         -1029.9
     219	 1.97256	 1.05928	        -18293.3	         17263.2	        -1030.04
     220	 1.97482	 1.05253	        -18313.5	           17283	         -1030.5
     221	 1.97731	 1.04506	        -18335.7	         17304.8	        -1030.94
     222	 1.97915	 1.03951	          -18352	         17320.9	        -1031.13
     223	 1.97989	  1.0373	        -18358.4	         17327.3	        -1031.08
     224	 1.97949	 1.03851	        -18354.8	         17323.9	         -1030.9
     225	 1.97825	 1.04238	        -18343.7	           17313	         -1030.7
     226	 1.97653	 1.04781	        -18328.5	         17297.9	        -1030.53
     227	 1.97469	 1.05375	        -18312.3	         17281.9	         -1030.4
     228	 1.97303	 1.05929	        -18297.7	         17267.4	        -1030.32
     229	 1.97173	 1.06387	        -18286.3	           17256	        -1030.38
     230	 1.97071	 1.06761	        -18277.6	           17247	        -1030.59
     231	 1.96966	 1.07135	        -18268.7	         17237.9	        -1030.85
     232	 1.96821	 1.07613	        -18256.2	         17225.2	        -1031.03
     233	  1.9662	 1.08239	        -18238.6	         17207.6	        -1030.97
     234	 1.96387	 1.08937	        -18217.9	         17187.3	        -1030.65
     235	 1.96191	 1.09504	        -18200.3	         17170.1	        -1030.27
     236	 1.96101	 1.09726	        -18192.4	         17162.2	        -1030.21
     237	 1.96131	 1.09558	        -18195.4	         17164.8	        -1030.58
     238	 1.96229	 1.09151	        -18204.3	         17173.4	        -1030.88
     239	 1.96345	 1.08656	        -18214.4	         17183.5	        -1030.86
     240	 1.96468	 1.08096	          -18225	         17194.3	        -1030.71
     241	 1.96613	 1.07426	        -18237.5	           17207	        -1030.52
     242	 1.96806	 1.06581	        -18254.2	         17223.8	        -1030.31
     243	 1.97072	 1.05488	        -18277.3	         17247.1	         -1030.2
     244	 1.97424	 1.04122	        -18308.2	         17277.9	        -1030.27
     245	 1.97848	 1.02538	        -18345.4	           17315	        -1030.38
     246	 1.98323	 1.00817	          -18387	         17356.6	        -1030.37
     247	 1.98833	0.990171	        -18431.7	         17401.2	        -1030.53
     248	 1.99331	0.972831	        -18475.7	         17444.7	           -1031
     249	 1.99732	0.958856	        -18511.1	         17479.8	        -1031.33
     250	 1.99966	0.950374	        -18531.7	         17500.3	        -1031.38
     251	 2.00012	0.948048	        -18535.6	         17504.4	        -1031.28
     252	 1.99882	0.951532	        -18524.1	         17492.9	        -1031.13
     253	 1.99604	0.959946	        -18499.6	         17468.7	        -1030.94
     254	 1.99222	0.971958	        -18465.9	         17435.2	        -1030.66
     255	 1.98797	0.985672	        -18428.3	           17398	        -1030.25
     256	 1.98409	0.998624	        -18393.9	         17364.1	        -1029.86
     257	 1.98127	 1.00859	        -18369.2	         17339.4	        -1029.78
     258	  1.9797	  1.0149	        -18355.8	         17325.7	        -1030.06
     259	   1.979	 1.01862	        -18349.9	         17319.6	        -1030.38
     260	 1.97865	 1.02121	          -18347	         17316.5	        -1030.49
     261	 1.97843	 1.02326	          -18345	         17314.6	        -1030.43
     262	 1.97835	 1.02469	        -18344.3	         17313.9	        -1030.43
     263	 1.97842	 1.02549	          -18345	         17314.5	         -1030.5
     264	 1.97859	 1.02587	        -18346.4	           17316	        -1030.43
     265	 1.97902	 1.02544	        -18349.8	         17319.7	         -1030.1
     266	 1.98019	 1.02283	        -18359.9	           17330	        -1029.87
     267	 1.98231	  1.0174	        -18378.8	         17348.6	        -1030.24
     268	 1.98474	 1.01114	        -18400.7	         17369.8	        -1030.95
     269	 1.98633	 1.00751	        -18415.1	         17383.7	        -1031.36
     270	 1.98636	 1.00869	        -18415.2	         17383.9	        -1031.29
     271	 1.98486	  1.0145	        -18401.8	         17370.9	        -1030.89
     272	 1.98253	 1.02298	        -18380.7	         17350.4	        -1030.33
     273	 1.98026	 1.03138	        -18360.6	         17330.6	        -1029.95
     274	  1.9787	  1.0378	          -18347	           17317	        -1030.06
     275	 1.97774	 1.04249	          -18339	         17308.6	        -1030.42
     276	 1.97687	 1.04701	        -18331.5	         17300.9	        -1030.59
     277	 1.97575	 1.05222	        -18321.7	         17291.1	        -1030.53
     278	 1.97441	 1.05797	        -18309.8	         17279.4	        -1030.42
     279	 1.97298	 1.06382	        -18297.3	         17266.9	        -1030.37
     280	 1.97161	 1.06933	        -18285.2	         17254.9	        -1030.26
     281	 1.97056	 1.07375	        -18275.7	         17245.7	        -1029.98
     282	 1.97032	 1.07561	        -18273.4	         17243.7	        -1029.73
     283	 1.97129	 1.07371	          -18282	         17252.1	        -1029.88
     284	 1.97325	 1.06868	        -18299.6	         17269.3	        -1030.37
     285	 1.97548	 1.06271	        -18319.5	         17288.8	         -1030.7
     286	 1.97745	 1.05745	        -18336.7	           17306	        -1030.64
     287	 1.97916	 1.05289	        -18351.4	         17320.9	        -1030.47
     288	 1.98081	 1.04842	        -18365.9	         17335.4	        -1030.48
     289	 1.98239	 1.04414	        -18379.8	         17349.2	        -1030.63
     290	 1.98369	 1.04072	        -18391.3	         17360.6	        -1030.74
     291	 1.98454	 1.03871	        -18398.8	           17368	        -1030.79
     292	 1.98484	 1.03839	        -18401.4	         17370.6	        -1030.77
     293	 1.98463	 1.03967	        -18399.4	         17368.8	        -1030.66
     294	 1.98405	 1.04209	        -18394.3	         17363.8	        -1030.57
     295	 1.98326	  1.0452	        -18387.4	         17356.8	        -1030.55
     296	 1.98227	 1.04888	        -18378.7	         17348.2	        -1030.58
     297	 1.98104	 1.05323	          -18368	         17337.4	        -1030.58
     298	  1.9796	 1.05812	        -18355.2	         17324.8	        -1030.36
     299	 1.97829	 1.06253	        -18343.3	         17313.3	        -1030.02
     300	 1.97762	 1.06489	        -18337.3	         17307.5	        -1029.81
     301	 1.97793	 1.06416	        -18340.1	         17310.2	        -1029.85
     302	 1.97921	 1.06047	        -18351.5	         17321.4	        -1030.08
     303	 1.98112	  1.0548	        -18368.4	         17338.1	        -1030.28
     304	 1.98334	 1.04819	          -18388	         17357.5	        -1030.45
     305	 1.98548	 1.04173	          -18407	         17376.2	        -1030.77
     306	 1.98702	 1.03704	        -18420.7	         17389.8	        -1030.93
     307	 1.98769	 1.03504	        -18426.3	         17395.6	        -1030.75
     308	 1.98764	  1.0352	        -18425.8	         17395.1	        -1030.68
     309	 1.98699	 1.03717	        -18420.3	         17389.5	        -1030.78
     310	 1.98571	 1.04112	          -18409	         17378.2	         -1030.8
     311	 1.98384	  1.0468	        -18392.6	         17361.9	         -1030.7
     312	 1.98172	 1.05323	        -18373.7	         17343.3	        -1030.41
     313	 1.97993	 1.05861	        -18357.7	         17327.7	           -1030
     314	  1.9792	 1.06077	        -18351.1	         17321.3	        -1029.84
     315	 1.97974	 1.05893	        -18356.2	           17326	         -1030.2
     316	 1.98101	 1.05473	        -18367.9	         17337.2	         -1030.7
     317	  1.9822	 1.05062	        -18378.4	         17347.6	        -1030.89
     318	 1.98293	 1.04771	        -18384.6	         17353.9	        -1030.66
     319	 1.98345	 1.04526	        -18388.8	         17358.5	        -1030.28
     320	 1.98429	 1.04182	        -18395.9	         17365.8	         -1030.1
     321	 1.98568	 1.03676	        -18408.2	           17378	        -1030.22
     322	 1.98739	 1.03082	        -18423.5	         17392.9	        -1030.53
     323	 1.98891	 1.02559	          -18437	         17406.2	        -1030.82
     324	 1.98975	 1.02256	        -18444.5	         17413.6	        -1030.93
     325	 1.98973	 1.02231	        -18444.2	         17413.4	        -1030.82
     326	 1.98903	 1.02435	        -18437.9	         17407.3	        -1030.59
     327	 1.98802	 1.02762	          -18429	         17398.5	        -1030.49
     328	 1.98684	 1.03163	        -18418.8	         17388.2	        -1030.64
     329	 1.98531	 1.03695	        -18405.6	         17374.8	        -1030.83
     330	 1.98321	 1.04417	        -18387.2	         17356.4	        -1030.77
     331	  1.9807	 1.05276	        -18364.9	         17334.4	         -1030.5
     332	 1.97824	 1.06116	        -18343.2	         17312.9	        -1030.24
     333	 1.97633	 1.06784	        -18326.3	         17296.2	        -1030.07
     334	 1.97535	 1.07164	        -18317.5	         17287.6	        -1029.85
     335	 1.97569	 1.07133	        -18320.2	         17290.6	        -1029.61
     336	 1.97769	 1.06586	        -18337.7	         17308.1	        -1029.57
     337	 1.98135	 1.05527	          -18370	         17340.1	        -1029.87
     338	 1.98608	 1.04132	        -18411.9	         17381.5	        -1030.38
     339	 1.99096	 1.02688	          -18455	         17424.2	         -1030.8
     340	 1.99516	 1.01451	        -18491.9	         17460.9	        -1030.98
     341	 1.99822	 1.00568	        -18518.8	         17487.7	        -1031.01
     342	 1.99998	   1.001	        -18534.1	         17503.1	        -1031.05
     343	  2.0003	 1.00089	          -18537	         17505.9	        -1031.17
     344	 1.99903	 1.00585	        -18526.1	         17494.8	        -1031.23
     345	  1.9962	 1.01585	        -18501.1	           17470	        -1031.08
     346	 1.99217	 1.02972	        -18465.5	         17434.7	        -1030.74
     347	 1.98764	 1.04527	        -18425.5	         17395.2	        -1030.38
     348	 1.98336	 1.06021	        -18387.8	         17357.7	        -1030.15
     349	 1.97984	 1.07288	          -18357	         17326.9	        -1030.07
     350	 1.97732	 1.08245	          -18335	         17304.9	         -1030.1
     351	 1.97581	 1.08881	        -18321.9	         17291.7	         -1030.2
     352	 1.97516	 1.09232	        -18316.3	           17286	        -1030.34
     353	 1.97509	 1.09372	        -18315.8	         17285.3	        -1030.49
     354	 1.97531	 1.09389	        -18317.9	         17287.3	         -1030.6
     355	 1.97561	 1.09353	        -18320.6	         17289.9	        -1030.62
     356	 1.97592	  1.0929	        -18323.1	         17292.6	        -1030.56
     357	 1.97628	 1.09189	        -18326.3	         17295.7	        -1030.53
     358	 1.97674	  1.0904	        -18330.4	         17299.8	        -1030.62
     359	 1.97718	 1.08881	        -18334.4	         17303.6	         -1030.8
     360	 1.97738	 1.08778	        -18336.3	         17305.4	        -1030.85
     361	 1.97735	 1.08738	        -18335.8	         17305.2	        -1030.61
     362	 1.97748	 1.08643	        -18336.5	         17306.3	        -1030.24
     363	 1.97831	 1.08331	        -18343.7	         17313.6	         -1030.1
     364	 1.98003	 1.07751	        -18358.8	         17328.5	        -1030.26
     365	 1.98232	 1.06997	        -18379.1	         17348.6	        -1030.47
     366	 1.98474	 1.06208	        -18400.4	         17369.7	        -1030.63
     367	 1.98686	 1.05505	        -18419.1	         17388.3	        -1030.78
     368	 1.98836	 1.04989	        -18432.3	         17401.5	        -1030.86
     369	 1.98908	 1.04715	        -18438.6	         17407.8	        -1030.82
     370	 1.98908	 1.04662	        -18438.5	         17407.8	        -1030.69
     371	 1.98862	  1.0476	        -18434.3	         17403.7	        -1030.54
     372	 1.98804	  1.0491	          -18429	         17398.7	        -1030.35
     373	 1.98779	 1.04987	        -18426.5	         17396.4	        -1030.09
     374	 1.98831	  1.0486	          -18431	           17401	        -1030.02
     375	 1.98968	 1.04507	        -18443.4	           17413	        -1030.37
     376	  1.9913	 1.04113	        -18458.1	         17427.2	        -1030.91
     377	 1.99223	 1.03959	        -18466.6	         17435.3	        -1031.21
     378	 1.99187	 1.04224	        -18463.4	         17432.2	        -1031.22
     379	 1.99014	 1.04931	          -18448	           17417	        -1031.02
     380	 1.98736	 1.05981	        -18423.4	         17392.7	        -1030.69
     381	 1.98415	 1.07194	        -18394.9	         17364.6	        -1030.34
     382	 1.98114	 1.08373	        -18368.4	         17338.3	        -1030.16
     383	 1.97871	   1.094	        -18347.3	         17317.1	        -1030.21
     384	 1.97686	 1.10272	        -18331.3	         17300.8	        -1030.43
     385	 1.97525	 1.11071	        -18317.5	         17286.8	        -1030.72
     386	 1.97347	 1.11914	        -18302.1	         17271.2	        -1030.95
     387	 1.97115	 1.12892	          -18282	         17250.9	        -1031.09
     388	 1.96815	 1.14043	        -18255.7	         17224.7	        -1031.07
     389	 1.96459	 1.15316	        -18224.3	         17193.5	        -1030.83
     390	 1.96099	 1.16549	        -18192.4	           17162	        -1030.42
     391	 1.95817	 1.17493	        -18167.3	         17137.3	           -1030
     392	 1.95694	 1.17904	        -18156.4	         17126.6	        -1029.82
     393	 1.95766	 1.17673	        -18162.9	         17132.9	        -1030.08
     394	 1.95998	 1.16907	        -18183.7	         17153.1	        -1030.56
     395	 1.96315	 1.15835	        -18211.8	         17180.9	        -1030.84
     396	 1.96658	  1.1464	        -18241.9	         17210.9	        -1030.98
     397	 1.96986	 1.13446	        -18270.7	         17239.6	        -1031.08
     398	 1.97273	 1.12345	        -18295.8	         17264.8	        -1031.01
     399	 1.97523	 1.11343	        -18317.4	         17286.6	        -1030.75
     400	 1.97767	 1.10358	        -18338.5	         17307.9	        -1030.53
     401	 1.98032	 1.09318	        -18361.7	         17331.1	        -1030.58
     402	 1.98304	 1.08272	        -18385.8	         17354.9	        -1030.91
     403	 1.98527	 1.07396	        -18405.7	         17374.4	        -1031.34
     404	 1.98626	 1.06909	        -18414.6	           17383	        -1031.59
     405	 1.98557	 1.06938	        -18408.5	           17377	         -1031.5
     406	 1.98332	 1.07438	        -18388.4	         17357.3	         -1031.1
     407	  1.9802	   1.082	        -18360.6	         17330.1	        -1030.46
     408	 1.97731	 1.08897	        -18334.6	         17304.8	        -1029.78
     409	 1.97575	 1.09189	        -18320.6	         17291.2	        -1029.42
     410	 1.97612	 1.08897	          -18324	         17294.4	        -1029.59
     411	 1.97815	 1.08102	        -18342.2	         17312.1	        -1030.15
     412	 1.98089	 1.07079	        -18366.9	         17336.1	        -1030.82
     413	 1.98323	 1.06159	        -18387.9	         17356.6	        -1031.34
     414	 1.98436	 1.05591	        -18397.9	         17366.5	        -1031.46
     415	 1.98414	 1.05422	        -18395.7	         17364.5	        -1031.12
     416	 1.98317	 1.05481	        -18386.7	         17356.1	         -1030.6
     417	 1.98237	 1.05504	        -18379.2	           17349	        -1030.19
     418	 1.98246	  1.0528	        -18379.9	         17349.8	        -1030.06
     419	 1.98367	 1.04741	        -18390.7	         17360.4	        -1030.23
     420	 1.98569	 1.03978	        -18408.7	         17378.1	        -1030.57
     421	  1.9879	 1.03177	        -18428.4	         17397.5	         -1030.9
     422	 1.98964	 1.02527	        -18443.8	         17412.7	        -1031.16
     423	 1.99042	 1.02173	        -18450.7	         17419.4	        -1031.26
     424	 1.99005	 1.02166	        -18447.4	         17416.2	        -1031.14
     425	 1.98876	 1.02439	        -18435.8	           17405	        -1030.83
     426	  1.9871	 1.02824	        -18420.9	         17390.4	        -1030.44
     427	 1.98577	 1.03112	        -18408.9	         17378.8	        -1030.08
     428	 1.98541	 1.03113	        -18405.5	         17375.6	        -1029.87
     429	 1.98632	 1.02733	        -18413.6	         17383.6	        -1029.99
     430	 1.98826	  1.0205	        -18430.9	         17400.5	        -1030.39
     431	 1.99051	 1.01281	        -18450.9	         17420.3	        -1030.67
     432	 1.99247	 1.00609	        -18468.1	         17437.4	         -1030.7
     433	 1.99389	 1.00115	        -18480.5	         17449.8	        -1030.65
     434	 1.99471	0.998172	        -18487.6	           17457	        -1030.63
     435	 1.99489	0.997288	        -18489.2	         17458.6	        -1030.65
     436	 1.99439	0.998639	        -18484.8	         17454.2	        -1030.67
     437	 1.99322	 1.00218	        -18474.5	         17443.9	        -1030.58
     438	 1.99159	 1.00727	          -18460	         17429.7	        -1030.32
     439	 1.98996	 1.01255	        -18445.5	         17415.5	        -1030.06
     440	 1.98878	 1.01668	        -18435.1	         17405.1	        -1030.05
     441	 1.98808	 1.01952	        -18429.3	           17399	        -1030.28
     442	 1.98755	 1.02202	          -18425	         17394.4	        -1030.59
     443	 1.98673	 1.02555	        -18418.1	         17387.2	        -1030.83
     444	 1.98527	 1.03114	        -18405.3	         17374.4	        -1030.89
     445	 1.98311	 1.03891	        -18386.3	         17355.6	        -1030.78
     446	 1.98053	 1.04808	        -18363.5	         17332.9	        -1030.57
     447	 1.97794	 1.05733	        -18340.7	         17310.3	        -1030.42
     448	 1.97567	 1.06562	        -18320.9	         17290.5	        -1030.49
     449	 1.97375	 1.07286	        -18304.3	         17273.6	        -1030.66
     450	 1.97207	 1.07933	        -18289.6	         17258.9	        -1030.62
     451	 1.97076	 1.08458	          -18278	         17247.5	        -1030.46
     452	 1.97005	 1.08787	        -18271.8	         17241.3	        -1030.53
     453	 1.96987	 1.08943	        -18270.3	         17239.7	        -1030.68
     454	 1.96996	 1.08998	        -18271.2	         17240.5	        -1030.71
     455	 1.97021	 1.08988	        -18273.4	         17242.7	        -1030.69
     456	  1.9706	 1.08916	        -18276.8	         17246.1	        -1030.66
     457	 1.97118	 1.08772	        -18281.7	         17251.2	        -1030.54
     458	 1.97215	   1.085	        -18289.9	         17259.6	        -1030.27
     459	 1.97386	 1.07994	        -18304.7	         17274.6	         -1030.1
     460	 1.97645	 1.07219	        -18327.6	         17297.2	        -1030.36
     461	 1.97938	 1.06331	        -18353.7	         17322.9	        -1030.87
     462	 1.98175	 1.05605	        -18374.8	         17343.6	        -1031.22
     463	 1.98292	 1.05234	          -18385	         17353.8	         -1031.2
     464	 1.98281	 1.05237	        -18383.8	         17352.9	        -1030.91
     465	 1.98185	 1.05486	        -18375.1	         17344.5	        -1030.59
     466	 1.98056	 1.05824	        -18363.6	         17333.2	         -1030.4
     467	  1.9793	  1.0614	        -18352.5	         17322.2	        -1030.25
     468	 1.97837	 1.06347	        -18344.1	         17314.1	        -1030.05
     469	 1.97812	  1.0634	        -18341.7	         17311.9	        -1029.84
     470	 1.97884	 1.06029	          -18348	         17318.2	        -1029.78
     471	 1.98058	 1.05402	        -18363.4	         17333.4	        -1029.96
     472	 1.98302	 1.04564	          -18385	         17354.7	        -1030.25
     473	 1.98562	 1.03677	          -18408	         17377.5	        -1030.52
     474	 1.98789	 1.02898	          -18428	         17397.3	        -1030.72
     475	 1.98941	 1.02349	        -18441.6	         17410.7	        -1030.89
     476	  1.9899	 1.02125	        -18445.9	         17414.9	        -1030.95
     477	 1.98927	 1.02255	        -18440.2	         17409.4	        -1030.84
     478	  1.9877	 1.02679	        -18426.3	         17395.6	        -1030.64
     479	 1.98557	 1.03279	        -18407.5	         17377.1	        -1030.45
     480	 1.98331	 1.03928	        -18387.6	         17357.3	        -1030.33
     481	 1.98123	 1.04523	        -18369.3	         17339.1	        -1030.28
     482	 1.97954	 1.04999	        -18354.5	         17324.3	        -1030.19
     483	 1.97849	 1.05279	        -18345.1	         17315.1	        -1030.02
     484	 1.97836	 1.05277	          -18344	         17313.9	        -1030.04
     485	 1.97911	 1.04999	        -18350.8	         17320.5	        -1030.32
     486	 1.98034	 1.04572	        -18361.9	         17331.3	        -1030.55
     487	 1.98167	 1.04117	        -18373.5	           17343	        -1030.52
     488	 1.98303	 1.03659	        -18385.2	         17354.8	        -1030.37
     489	 1.98447	  1.0318	        -18397.8	         17367.5	        -1030.39
     490	 1.98584	 1.02734	        -18410.1	         17379.4	        -1030.62
     491	 1.98667	 1.02463	        -18417.5	         17386.6	        -1030.91
     492	 1.98642	 1.02521	        -18415.5	         17384.5	        -1031.05
     493	 1.98484	  1.0298	        -18401.7	         17370.7	        -1030.96
     494	 1.98212	 1.03783	        -18377.5	         17346.9	        -1030.63
     495	 1.97886	 1.04743	        -18348.5	         17318.3	         -1030.2
     496	 1.97581	 1.05627	        -18321.6	         17291.6	        -1029.93
     497	 1.97348	 1.06273	        -18301.2	         17271.3	        -1029.93
     498	   1.972	 1.06642	        -18288.3	         17258.3	        -1029.97
     499	 1.97141	 1.06721	          -18283	         17253.1	        -1029.85
     500	 1.97188	 1.06449	        -18287.1	         17257.3	        -1029.75
     501	 1.97352	 1.05795	        -18301.6	         17271.7	        -1029.99
     502	 1.97594	 1.04876	        -18323.2	         17292.8	        -1030.43
     503	 1.97846	 1.03899	        -18345.6	         17314.9	        -1030.72
     504	 1.98065	 1.03003	        -18364.7	           17334	        -1030.71
     505	 1.98256	 1.02182	        -18381.1	         17350.7	        -1030.47
     506	 1.98463	 1.01316	          -18399	         17368.8	        -1030.18
     507	 1.98735	 1.00276	        -18422.8	         17392.6	        -1030.21
     508	 1.99063	0.990881	          -18452	         17421.3	        -1030.69
     509	 1.99373	0.979872	        -18479.6	         17448.4	        -1031.18
     510	 1.99583	0.972264	          -18498	         17466.8	         -1031.2
     511	 1.99673	0.968669	        -18505.5	         17474.6	        -1030.92
     512	  1.9967	0.968253	        -18505.1	         17474.4	        -1030.72
     513	 1.99598	 0.97039	        -18498.9	         17468.1	        -1030.77
     514	 1.99448	0.975367	        -18485.9	         17454.9	        -1030.98
     515	 1.99187	0.984028	        -18463.3	         17432.2	        -1031.15
     516	   1.988	0.996823	        -18429.3	         17398.3	        -1031.04
     517	 1.98318	 1.01271	        -18386.7	         17356.1	        -1030.57
     518	 1.97828	   1.029	        -18343.3	         17313.2	        -1030.07
     519	 1.97423	 1.04278	        -18307.7	         17277.8	        -1029.91
     520	 1.97148	 1.05263	        -18283.8	         17253.8	        -1030.06
     521	 1.97001	  1.0586	        -18271.1	         17240.9	        -1030.14
     522	 1.96977	 1.06078	          -18269	         17238.9	        -1030.09
     523	  1.9708	 1.05904	          -18278	         17247.8	         -1030.2
     524	 1.97284	 1.05403	        -18296.2	         17265.7	        -1030.53
     525	 1.97535	 1.04752	        -18318.5	         17287.6	        -1030.87
     526	 1.97767	 1.04142	        -18338.9	         17307.9	        -1031.02
     527	 1.97946	 1.03682	        -18354.5	         17323.6	        -1030.92
     528	 1.98076	 1.03365	        -18365.8	           17335	         -1030.8
     529	 1.98164	 1.03168	        -18373.5	         17342.7	        -1030.86
     530	 1.98199	 1.03133	        -18376.6	         17345.7	        -1030.92
     531	 1.98172	 1.03285	        -18374.1	         17343.4	        -1030.75
     532	 1.98109	  1.0355	        -18368.3	         17337.8	        -1030.42
     533	 1.98062	 1.03771	        -18363.9	         17333.8	        -1030.13
     534	  1.9808	 1.03809	        -18365.3	         17335.3	           -1030
     535	 1.98187	 1.03598	        -18374.7	         17344.7	        -1029.99
     536	 1.98382	 1.03144	        -18391.8	         17361.7	        -1030.07
     537	 1.98643	 1.02514	        -18414.8	         17384.5	        -1030.29
     538	 1.98925	 1.01845	        -18439.8	         17409.2	         -1030.6
     539	  1.9917	 1.01316	        -18461.4	         17430.6	        -1030.77
     540	 1.99339	 1.01042	        -18476.1	         17445.4	        -1030.69
     541	 1.99431	 1.01024	        -18484.1	         17453.5	        -1030.52
     542	 1.99465	 1.01207	        -18486.9	         17456.5	        -1030.45
     543	 1.99448	 1.01563	        -18485.5	           17455	        -1030.47
     544	 1.99379	 1.02099	        -18479.5	         17448.9	        -1030.54
     545	 1.99246	 1.02838	          -18468	         17437.3	        -1030.69
     546	 1.99029	 1.03835	        -18449.2	         17418.3	        -1030.93
     547	 1.98698	 1.05164	        -18420.4	         17389.4	        -1031.01
     548	 1.98258	 1.06813	        -18381.6	         17350.9	        -1030.66
     549	 1.97778	 1.08565	        -18338.9	         17308.9	        -1029.97
     550	 1.97374	  1.1007	          -18303	         17273.5	        -1029.45
     551	 1.97131	 1.11063	        -18281.7	         17252.3	        -1029.42
     552	 1.97058	 1.11515	        -18275.7	         17245.9	        -1029.83
     553	  1.9709	 1.11612	        -18279.1	         17248.7	        -1030.45
     554	 1.97129	 1.11642	          -18283	         17252.1	        -1030.92
     555	 1.97105	  1.1181	          -18281	           17250	           -1031
     556	 1.97007	 1.12144	        -18272.3	         17241.5	        -1030.82
     557	 1.96872	 1.12541	        -18260.2	         17229.6	        -1030.58
     558	  1.9675	 1.12854	        -18249.3	           17219	        -1030.31
     559	 1.96696	 1.12927	        -18244.3	         17214.2	        -1030.08
     560	 1.96751	 1.12638	        -18249.1	           17219	        -1030.02
     561	 1.96926	 1.11959	        -18264.5	         17234.4	        -1030.17
     562	 1.97195	 1.10972	        -18288.3	         17257.9	        -1030.41
     563	 1.97515	 1.09811	        -18316.4	         17285.9	        -1030.55
     564	 1.97853	 1.08578	        -18346.1	         17315.5	        -1030.61
     565	 1.98184	 1.07349	        -18375.2	         17344.4	         -1030.8
     566	 1.98468	 1.06244	        -18400.4	         17369.3	        -1031.11
     567	 1.98655	 1.05419	        -18416.8	         17385.6	         -1031.2
     568	 1.98733	 1.04919	        -18423.2	         17392.5	        -1030.78
     569	 1.98764	 1.04567	        -18425.3	         17395.2	         -1030.1
     570	  1.9884	 1.04089	        -18431.6	         17401.8	        -1029.84
     571	 1.98994	 1.03393	        -18445.4	         17415.3	        -1030.18
     572	 1.99167	 1.02664	        -18461.1	         17430.4	        -1030.71
     573	 1.99268	 1.02174	        -18470.3	         17439.2	        -1031.02
     574	 1.99238	 1.02098	        -18467.6	         17436.6	        -1031.04
     575	  1.9907	  1.0245	        -18452.8	           17422	        -1030.82
     576	 1.98809	 1.03101	        -18429.5	         17399.1	        -1030.42
     577	 1.98529	 1.03831	        -18404.7	         17374.6	        -1030.07
     578	 1.98295	 1.04438	        -18384.2	         17354.1	        -1030.05
     579	 1.98122	  1.0487	        -18369.3	           17339	         -1030.3
     580	 1.97983	 1.05208	        -18357.4	         17326.9	        -1030.53
     581	 1.97849	 1.05533	        -18345.6	         17315.1	        -1030.54
     582	 1.97723	 1.05831	        -18334.4	         17304.1	        -1030.29
     583	 1.97646	 1.05979	        -18327.5	         17297.4	        -1030.07
     584	  1.9765	  1.0588	        -18327.9	         17297.7	        -1030.19
     585	  1.9772	 1.05582	        -18334.2	         17303.8	        -1030.39
     586	 1.97826	  1.0518	        -18343.5	         17313.1	         -1030.4
     587	 1.97958	 1.04704	        -18355.1	         17324.6	        -1030.45
     588	 1.98098	 1.04204	        -18367.6	         17336.9	        -1030.74
     589	 1.98205	 1.03812	        -18377.1	         17346.3	        -1030.84
     590	 1.98273	  1.0356	        -18382.6	         17352.2	        -1030.41
     591	  1.9836	 1.03268	          -18390	         17359.8	        -1030.12
     592	 1.98497	 1.02836	        -18402.4	         17371.8	        -1030.54
     593	 1.98625	 1.02455	        -18413.9	           17383	        -1030.88
     594	  1.9868	 1.02312	        -18418.7	         17387.8	        -1030.87
     595	 1.98652	 1.02432	          -18416	         17385.3	        -1030.69
     596	 1.98565	  1.0274	        -18408.2	         17377.7	        -1030.43
     597	 1.98464	 1.03106	          -18399	         17368.9	        -1030.15
     598	 1.98389	 1.03403	        -18392.5	         17362.4	        -1030.09
     599	 1.98351	 1.03599	        -18389.3	           17359	        -1030.27
     600	 1.98319	 1.03774	        -18386.7	         17356.2	        -1030.44
     601	 1.98263	 1.04017	        -18381.8	         17351.3	         -1030.5
     602	 1.98169	 1.04355	        -18373.6	         17343.1	        -1030.49
     603	 1.98042	 1.04769	        -18362.4	           17332	        -1030.43
     604	 1.97902	 1.05193	          -18350	         17319.8	        -1030.24
     605	 1.97793	 1.05502	        -18340.1	         17310.2	        -1029.95
     606	 1.97766	 1.05536	        -18337.6	         17307.8	        -1029.77
     607	 1.97853	   1.052	        -18345.4	         17315.4	        -1029.91
     608	 1.98036	 1.04548	        -18361.7	         17331.5	        -1030.23
     609	  1.9827	 1.03727	        -18382.3	         17351.9	        -1030.38
     610	  1.9853	 1.02818	        -18404.9	         17374.7	        -1030.27
     611	  1.9882	 1.01812	        -18430.4	           17400	        -1030.35
     612	 1.99118	 1.00782	        -18456.9	         17426.1	        -1030.75
     613	 1.99367	0.999203	        -18478.8	         17447.9	        -1030.83
     614	 1.99547	0.993015	        -18494.3	         17463.7	        -1030.63
     615	 1.99668	0.988911	        -18504.9	         17474.2	         -1030.7
     616	 1.99715	0.987485	        -18509.2	         17478.3	        -1030.85
     617	 1.99658	0.989633	        -18504.2	         17473.4	        -1030.89
     618	  1.9949	0.995591	        -18489.4	         17458.6	        -1030.78
     619	 1.99234	 1.00463	        -18466.7	         17436.3	        -1030.42
     620	 1.98953	 1.01491	        -18441.8	         17411.7	         -1030.1
     621	   1.987	 1.02471	        -18419.7	         17389.6	        -1030.13
     622	  1.9848	 1.03383	        -18400.7	         17370.3	         -1030.4
     623	 1.98257	 1.04321	        -18381.5	         17350.8	        -1030.64
     624	 1.98003	 1.05361	        -18359.2	         17328.5	        -1030.68
     625	 1.97718	 1.06482	        -18334.2	         17303.6	        -1030.54
     626	 1.97435	 1.07579	        -18309.3	         17278.9	        -1030.36
     627	 1.97197	  1.0852	        -18288.3	         17258.1	         -1030.2
     628	 1.97042	  1.0919	        -18274.6	         17244.5	        -1030.13
     629	 1.96984	  1.0954	        -18269.7	         17239.4	        -1030.28
     630	 1.97007	 1.09621	          -18272	         17241.5	        -1030.52
     631	  1.9708	 1.09536	        -18278.4	         17247.8	        -1030.61
     632	 1.97188	 1.09326	        -18287.8	         17257.3	         -1030.5
     633	 1.97348	 1.08948	        -18301.7	         17271.3	        -1030.35
     634	  1.9758	 1.08348	          -18322	         17291.6	        -1030.42
     635	 1.97864	 1.07585	        -18347.2	         17316.4	        -1030.81
     636	  1.9813	 1.06862	          -18371	         17339.7	        -1031.26
     637	 1.98304	 1.06411	        -18386.3	         17354.9	        -1031.44
     638	 1.98352	 1.06325	        -18390.3	         17359.1	         -1031.2
     639	 1.98315	 1.06496	        -18386.5	         17355.8	        -1030.69
     640	 1.98273	 1.06681	        -18382.5	         17352.2	        -1030.35
     641	 1.98279	 1.06724	        -18383.3	         17352.7	        -1030.53
     642	  1.9831	 1.06697	        -18386.5	         17355.4	        -1031.04
     643	  1.9829	 1.06823	          -18385	         17353.7	        -1031.37
     644	 1.98168	 1.07253	        -18374.2	           17343	        -1031.22
     645	 1.97965	 1.07922	          -18356	         17325.3	        -1030.72
     646	 1.97758	 1.08599	        -18337.5	         17307.1	        -1030.31
     647	 1.97608	 1.09094	        -18324.4	         17294.1	        -1030.36
     648	 1.97516	  1.0941	        -18316.7	           17286	        -1030.68
     649	 1.97441	 1.09665	        -18310.3	         17279.4	        -1030.87
     650	 1.97362	 1.09921	        -18303.3	         17272.5	        -1030.74
     651	 1.97304	 1.10104	        -18297.9	         17267.4	         -1030.5
     652	 1.97305	 1.10093	          -18298	         17267.6	        -1030.46
     653	 1.97377	 1.09862	        -18304.4	         17273.9	        -1030.56
     654	 1.97507	 1.09453	        -18315.7	         17285.2	        -1030.56
     655	 1.97686	  1.0889	        -18331.4	         17300.9	        -1030.51
     656	 1.97912	 1.08183	        -18351.2	         17320.6	        -1030.57
     657	 1.98165	 1.07392	        -18373.5	         17342.8	        -1030.75
     658	 1.98412	 1.06624	        -18395.2	         17364.3	        -1030.87
     659	 1.98621	 1.05973	        -18413.6	         17382.6	        -1030.98
     660	 1.98764	  1.0552	        -18426.3	         17395.1	        -1031.19
     661	 1.98802	 1.05378	        -18429.8	         17398.5	        -1031.34
     662	 1.98715	  1.0561	          -18422	         17390.9	        -1031.15
     663	 1.98536	 1.06114	        -18405.8	         17375.2	        -1030.61
     664	 1.98352	 1.06622	        -18389.1	         17359.1	        -1029.99
     665	 1.98266	 1.06826	        -18381.2	         17351.5	        -1029.62
     666	  1.9834	 1.06538	        -18387.7	         17358.1	         -1029.6
     667	 1.98577	 1.05751	        -18408.7	         17378.8	        -1029.91
     668	 1.98921	  1.0463	        -18439.3	         17408.9	        -1030.36
     669	 1.99292	 1.03419	          -18472	         17441.3	        -1030.72
     670	 1.99619	 1.02332	        -18500.8	         17469.9	        -1030.88
     671	 1.99866	 1.01483	        -18522.4	         17491.6	        -1030.83
     672	 2.00033	 1.00883	        -18536.9	         17506.2	        -1030.69
     673	 2.00138	 1.00486	          -18546	         17515.4	        -1030.62
     674	 2.00192	 1.00263	        -18550.8	         17520.1	        -1030.68
     675	  2.0019	 1.00237	        -18550.7	         17519.9	        -1030.81
     676	 2.00114	 1.00456	        -18544.2	         17513.3	        -1030.95
     677	 1.99953	 1.00955	        -18530.2	         17499.1	        -1031.03
     678	 1.99705	 1.01729	        -18508.5	         17477.5	        -1030.94
     679	 1.99406	 1.02682	        -18481.9	         17451.3	        -1030.57
     680	 1.99123	 1.03599	        -18456.8	         17426.5	        -1030.22
     681	  1.9892	 1.04285	          -18439	         17408.8	        -1030.24
     682	 1.98806	 1.04714	        -18429.3	         17398.8	        -1030.45
     683	 1.98754	 1.04968	        -18424.8	         17394.2	        -1030.55
     684	 1.98742	 1.05107	        -18423.7	         17393.2	        -1030.52
     685	 1.98761	 1.05154	        -18425.5	         17394.9	        -1030.57
     686	 1.98794	 1.05159	        -18428.5	         17397.8	        -1030.75
     687	 1.98807	 1.05227	        -18429.8	         17398.9	         -1030.9
     688	 1.98773	 1.05435	        -18426.8	         17395.9	        -1030.91
     689	 1.98692	 1.05783	        -18419.6	         17388.8	        -1030.76
     690	 1.98596	 1.06183	        -18410.9	         17380.5	        -1030.46
     691	 1.98538	  1.0648	        -18405.7	         17375.4	        -1030.27
     692	 1.98547	  1.0658	        -18406.6	         17376.2	        -1030.41
     693	  1.9861	 1.06533	        -18412.2	         17381.7	        -1030.53
     694	 1.98703	 1.06407	        -18420.4	         17389.8	        -1030.54
     695	  1.9881	  1.0624	          -18430	         17399.2	        -1030.79
     696	 1.98886	 1.06162	          -18437	         17405.8	        -1031.19
     697	 1.98871	 1.06355	        -18435.8	         17404.5	        -1031.24
     698	 1.98763	 1.06835	        -18425.9	           17395	        -1030.82
     699	 1.98622	  1.0741	        -18413.3	         17382.8	         -1030.5
     700	   1.985	 1.07927	        -18402.8	         17372.1	        -1030.68
     701	 1.98379	 1.08439	        -18392.4	         17361.4	           -1031
     702	 1.98217	 1.09065	        -18378.3	         17347.3	        -1031.02
     703	 1.98017	 1.09796	        -18360.4	         17329.8	        -1030.67
     704	  1.9783	 1.10466	        -18343.8	         17313.4	        -1030.34
     705	  1.9771	 1.10913	        -18333.2	         17302.9	        -1030.29
     706	 1.97668	 1.11098	        -18329.7	         17299.3	        -1030.42
     707	 1.97685	 1.11077	        -18331.3	         17300.7	         -1030.6
     708	 1.97727	 1.10939	        -18335.1	         17304.4	        -1030.69
     709	 1.97771	 1.10747	          -18339	         17308.3	        -1030.72
     710	 1.97806	 1.10534	          -18342	         17311.3	         -1030.7
     711	  1.9783	 1.10303	        -18344.1	         17313.4	        -1030.64
     712	 1.97853	  1.1003	        -18345.9	         17315.5	        -1030.48
     713	 1.97902	 1.09644	        -18349.9	         17319.7	        -1030.17
     714	 1.98025	  1.0901	        -18360.4	         17330.5	        -1029.89
     715	 1.98257	 1.08025	        -18380.8	         17350.8	        -1029.98
     716	 1.98579	 1.06751	        -18409.4	           17379	        -1030.43
     717	 1.98919	 1.05413	        -18439.6	         17408.7	        -1030.87
     718	 1.99205	 1.04232	        -18464.7	         17433.7	        -1030.98
     719	 1.99415	  1.0328	        -18482.8	         17452.1	        -1030.79
     720	 1.99568	 1.02497	        -18496.2	         17465.5	        -1030.66
     721	 1.99684	 1.01836	        -18506.3	         17475.6	         -1030.7
     722	 1.99757	  1.0132	        -18512.8	           17482	        -1030.76
     723	 1.99781	 1.00974	        -18514.9	         17484.2	        -1030.76
     724	 1.99762	 1.00788	        -18513.1	         17482.5	        -1030.66
     725	  1.9972	 1.00704	        -18509.4	         17478.8	        -1030.57
     726	 1.99674	 1.00671	        -18505.3	         17474.8	        -1030.56
     727	 1.99633	  1.0067	        -18501.7	         17471.2	        -1030.48
     728	 1.99609	 1.00666	        -18499.5	           17469	        -1030.43
     729	 1.99606	 1.00643	        -18499.3	         17468.8	        -1030.49
     730	 1.99615	 1.00631	        -18500.2	         17469.6	        -1030.64
     731	 1.99609	   1.007	        -18499.9	         17469.1	        -1030.85
     732	 1.99559	 1.00934	        -18495.7	         17464.7	        -1030.96
     733	 1.99456	 1.01356	        -18486.5	         17455.7	        -1030.82
     734	 1.99331	 1.01873	        -18475.3	         17444.8	         -1030.5
     735	 1.99237	  1.0232	        -18466.8	         17436.5	        -1030.31
     736	 1.99205	 1.02603	        -18464.1	         17433.7	         -1030.4
     737	 1.99219	 1.02767	        -18465.6	           17435	        -1030.65
     738	 1.99237	  1.0294	        -18467.3	         17436.5	        -1030.81
     739	 1.99223	 1.03222	        -18466.2	         17435.3	        -1030.89
     740	 1.99156	 1.03671	        -18460.4	         17429.4	           -1031
     741	 1.99018	 1.04331	        -18448.5	         17417.4	        -1031.07
     742	 1.98806	 1.05216	        -18429.8	         17398.8	        -1031.01
     743	 1.98534	 1.06269	        -18405.9	           17375	        -1030.86
     744	 1.98235	 1.07387	        -18379.6	         17348.8	        -1030.72
     745	 1.97945	 1.08452	        -18354.1	         17323.5	        -1030.56
     746	 1.97704	 1.09342	        -18332.9	         17302.4	        -1030.48
     747	 1.97535	 1.09975	        -18318.2	         17287.7	        -1030.57
     748	 1.97445	 1.10338	        -18310.4	         17279.8	        -1030.62
     749	 1.97445	 1.10405	        -18310.2	         17279.8	        -1030.36
     750	 1.97573	 1.10061	        -18321.4	           17291	        -1030.42
     751	 1.97804	 1.09377	        -18342.3	         17311.2	        -1031.17
     752	 1.98019	 1.08723	        -18361.6	           17330	        -1031.62
     753	 1.98127	 1.08374	        -18370.8	         17339.4	        -1031.45
     754	 1.98132	  1.0831	        -18370.8	         17339.9	        -1030.94
     755	 1.98107	 1.08329	          -18368	         17337.6	         -1030.4
     756	 1.98131	 1.08192	        -18369.9	         17339.7	        -1030.14
     757	 1.98242	 1.07788	        -18379.8	         17349.5	        -1030.34
