    Step 	 temperature 	 pressure 	 Potential Energy 	 Kinetic Energy 	 Sum Energy

       0	 2.17686	 -1.5595	        -14021.4	         13382.6	        -638.805
       1	 2.17693	-1.55617	        -14021.9	         13383.1	        -638.834
       2	 2.17709	-1.54603	        -14022.9	           13384	         -638.92
       3	 2.17716	-1.52856	        -14023.5	         13384.5	        -639.076
       4	 2.17684	 -1.5028	        -14021.8	         13382.5	        -639.317
       5	 2.17564	-1.46735	        -14014.8	         13375.1	        -639.664
       6	 2.17288	-1.42021	        -13998.3	         13358.2	        -640.147
       7	 2.16763	-1.35868	        -13966.7	         13325.9	        -640.791
       8	 2.15864	-1.27937	        -13912.3	         13270.7	        -641.603
       9	 2.14444	-1.17827	        -13825.9	         13183.4	        -642.518
      10	 2.12348	-1.05144	          -13698	         13054.6	        -643.342
      11	 2.09466	-0.896428	        -13521.4	         12877.6	        -643.791
      12	 2.05794	-0.71405	        -13295.6	           12652	        -643.662
      13	 2.01472	-0.509617	        -13029.3	         12386.4	        -642.856
      14	   1.968	-0.293214	        -12740.8	         12099.4	        -641.447
      15	 1.92198	-0.0785422	        -12456.6	         11816.6	        -639.994
      16	 1.88072	 0.12104	        -12202.2	         11563.1	        -639.105
      17	 1.84688	0.296578	          -11994	         11355.2	        -638.835
      18	 1.82146	  0.4442	          -11838	           11199	        -638.905
      19	 1.80436	0.563446	        -11733.1	           11094	        -639.109
      20	 1.79494	0.655713	        -11675.5	         11036.1	        -639.384
      21	 1.79226	0.723514	        -11659.3	         11019.6	        -639.714
      22	 1.79519	0.770122	        -11677.7	         11037.7	        -640.083
      23	 1.80254	0.799289	        -11723.3	         11082.8	        -640.497
      24	 1.81301	0.815121	          -11788	         11147.1	        -640.942
      25	  1.8253	0.821829	        -11863.9	         11222.6	        -641.298
      26	 1.83839	0.822916	        -11944.6	         11303.1	        -641.488
      27	 1.85164	0.820723	        -12026.1	         11384.5	         -641.66
      28	 1.86449	0.817231	        -12105.4	         11463.4	        -641.963
      29	 1.87628	0.814855	        -12178.1	         11535.8	        -642.275
      30	 1.88641	0.815696	        -12240.5	         11598.1	        -642.371
      31	 1.89481	0.820258	          -12292	         11649.7	        -642.256
      32	 1.90186	0.827558	        -12335.2	           11693	        -642.162
      33	 1.90796	 0.83654	        -12372.6	         11730.5	        -642.149
      34	 1.91337	0.846563	        -12405.8	         11763.7	        -642.101
      35	  1.9184	 0.85682	        -12436.6	         11794.6	        -642.004
      36	  1.9234	0.866278	        -12467.3	         11825.4	        -641.959
      37	 1.92861	0.874307	        -12499.4	         11857.4	        -642.038
      38	 1.93397	0.881125	        -12532.5	         11890.3	        -642.186
      39	 1.93923	0.887514	        -12564.9	         11922.6	         -642.35
      40	 1.94406	0.894453	        -12594.8	         11952.3	        -642.519
      41	 1.94814	0.902952	          -12620	         11977.4	        -642.659
      42	 1.95122	0.913751	          -12639	         11996.3	        -642.719
      43	 1.95326	0.926951	        -12651.5	         12008.8	        -642.656
      44	 1.95455	0.941743	        -12659.2	         12016.8	        -642.486
      45	 1.95561	0.956598	        -12665.6	         12023.3	        -642.362
      46	 1.95686	0.970287	        -12673.4	         12030.9	        -642.436
      47	 1.95829	0.982814	        -12682.4	         12039.7	        -642.657
      48	 1.95957	0.995158	        -12690.5	         12047.6	         -642.87
      49	 1.96036	 1.00831	        -12695.4	         12052.5	        -642.975
      50	 1.96054	 1.02256	        -12696.5	         12053.5	        -642.974
      51	 1.96021	 1.03753	        -12694.5	         12051.5	        -642.933
      52	 1.95962	 1.05243	        -12690.7	         12047.9	        -642.825
      53	  1.9592	 1.06602	        -12687.9	         12045.3	        -642.603
      54	 1.95955	 1.07645	        -12689.8	         12047.4	        -642.381
      55	 1.96124	 1.08205	        -12700.2	         12057.9	        -642.328
      56	 1.96443	 1.08245	          -12720	         12077.4	         -642.51
      57	 1.96867	 1.07898	        -12746.3	         12103.5	        -642.857
      58	  1.9731	 1.07428	        -12773.9	         12130.7	        -643.193
      59	 1.97686	 1.07097	        -12797.2	         12153.8	        -643.386
      60	 1.97939	 1.07075	        -12812.8	         12169.4	         -643.39
      61	 1.98061	 1.07391	        -12820.1	         12176.9	        -643.234
      62	 1.98085	 1.07952	        -12821.3	         12178.3	        -643.017
      63	 1.98058	  1.0861	        -12819.5	         12176.7	         -642.83
      64	 1.98031	 1.09223	        -12817.7	           12175	        -642.696
      65	 1.98038	 1.09682	        -12818.1	         12175.5	        -642.628
      66	 1.98104	 1.09922	        -12822.1	         12179.5	        -642.654
      67	 1.98226	  1.0995	        -12829.8	           12187	        -642.766
      68	 1.98383	 1.09838	        -12839.6	         12196.6	        -642.943
      69	 1.98528	 1.09722	        -12848.8	         12205.6	         -643.24
      70	 1.98592	 1.09814	        -12852.9	         12209.5	        -643.478
      71	 1.98521	 1.10279	        -12848.5	         12205.1	        -643.397
      72	 1.98329	 1.11073	        -12836.4	         12193.3	        -643.118
      73	 1.98081	 1.12003	        -12820.9	         12178.1	        -642.875
      74	 1.97843	  1.1287	        -12806.2	         12163.4	        -642.722
      75	 1.97667	  1.1352	        -12795.3	         12152.7	        -642.613
      76	 1.97594	 1.13839	        -12790.7	         12148.1	         -642.57
      77	 1.97638	 1.13774	        -12793.6	         12150.9	        -642.687
      78	 1.97779	 1.13394	        -12802.4	         12159.5	        -642.932
      79	 1.97964	  1.1286	          -12814	         12170.9	        -643.126
      80	 1.98147	 1.12318	        -12825.4	         12182.1	        -643.224
      81	 1.98299	 1.11855	        -12834.8	         12191.5	        -643.309
      82	   1.984	  1.1154	        -12841.1	         12197.7	        -643.407
      83	 1.98429	 1.11439	        -12842.9	         12199.5	        -643.467
      84	 1.98377	  1.1158	        -12839.7	         12196.3	        -643.399
      85	 1.98264	 1.11905	        -12832.6	         12189.3	        -643.224
      86	 1.98134	 1.12282	        -12824.4	         12181.4	         -643.06
      87	 1.98032	 1.12578	          -12818	         12175.1	        -642.959
      88	 1.97986	 1.12706	        -12815.2	         12172.2	        -642.961
      89	 1.97995	 1.12657	        -12815.9	         12172.8	        -643.109
      90	 1.98027	 1.12524	        -12818.1	         12174.8	        -643.316
      91	 1.98036	 1.12438	        -12818.8	         12175.3	        -643.443
      92	 1.97992	 1.12475	          -12816	         12172.6	        -643.429
      93	 1.97901	 1.12612	        -12810.3	           12167	        -643.301
      94	 1.97797	 1.12745	        -12803.8	         12160.7	        -643.114
      95	 1.97728	 1.12732	        -12799.4	         12156.4	        -642.987
      96	 1.97725	 1.12474	        -12799.3	         12156.2	        -643.023
      97	 1.97788	 1.11978	        -12803.2	         12160.1	        -643.156
      98	  1.9789	 1.11325	        -12809.7	         12166.4	        -643.277
      99	 1.98005	 1.10599	        -12816.7	         12173.4	        -643.348
     100	 1.98113	 1.09863	        -12823.4	           12180	        -643.325
     101	 1.98216	 1.09124	        -12829.6	         12186.4	        -643.216
     102	 1.98329	 1.08344	        -12836.4	         12193.3	         -643.14
     103	 1.98461	 1.07506	        -12844.6	         12201.4	         -643.11
     104	 1.98618	  1.0661	        -12854.1	         12211.1	        -642.991
     105	  1.9882	 1.05608	        -12866.3	         12223.5	        -642.798
     106	 1.99099	 1.04414	        -12883.4	         12240.6	        -642.743
     107	 1.99454	 1.03036	        -12905.4	         12262.4	        -642.961
     108	 1.99828	 1.01654	        -12928.7	         12285.4	        -643.259
     109	 2.00145	   1.005	        -12948.3	         12304.9	        -643.378
     110	 2.00364	0.996954	        -12961.7	         12318.3	        -643.346
     111	 2.00478	 0.99257	        -12968.7	         12325.4	        -643.356
     112	 2.00478	0.992098	        -12968.8	         12325.3	        -643.483
     113	 2.00339	0.996253	        -12960.4	         12316.8	        -643.509
     114	 2.00063	 1.00498	        -12943.2	         12299.8	        -643.337
     115	 1.99691	 1.01687	        -12920.1	           12277	        -643.107
     116	 1.99287	 1.02997	        -12895.1	         12252.2	        -642.912
     117	 1.98906	 1.04249	        -12871.5	         12228.8	        -642.767
     118	 1.98592	 1.05302	        -12852.2	         12209.5	        -642.698
     119	 1.98371	 1.06066	        -12838.5	         12195.9	        -642.622
     120	 1.98273	 1.06456	        -12832.3	         12189.9	        -642.457
     121	 1.98334	 1.06359	          -12836	         12193.6	        -642.376
     122	 1.98564	  1.0574	        -12850.4	         12207.8	        -642.592
     123	 1.98909	 1.04767	          -12872	           12229	        -643.007
     124	 1.99266	 1.03752	        -12894.2	         12250.9	        -643.338
     125	 1.99545	 1.02962	        -12911.5	           12268	         -643.45
     126	 1.99706	 1.02517	        -12921.3	         12277.9	        -643.345
     127	 1.99766	 1.02373	        -12924.7	         12281.6	        -643.066
     128	 1.99786	 1.02356	        -12925.6	         12282.8	        -642.717
     129	 1.99844	  1.0224	        -12928.9	         12286.4	        -642.478
     130	 1.99994	 1.01868	        -12938.1	         12295.6	        -642.467
     131	  2.0024	 1.01236	        -12953.4	         12310.7	        -642.675
     132	  2.0053	   1.005	        -12971.5	         12328.5	        -642.984
     133	  2.0079	0.998858	        -12987.7	         12344.5	        -643.175
     134	 2.00965	 0.99555	        -12998.5	         12355.2	         -643.21
     135	 2.01032	 0.99571	        -13002.6	         12359.4	        -643.235
     136	 2.00979	0.999709	        -12999.4	         12356.1	        -643.301
     137	  2.0079	 1.00794	        -12987.9	         12344.5	        -643.353
     138	 2.00461	 1.02045	        -12967.6	         12324.3	        -643.318
     139	 2.00012	 1.03651	        -12939.9	         12296.7	        -643.141
     140	 1.99501	 1.05426	        -12908.2	         12265.3	        -642.865
     141	 1.99007	 1.07121	        -12877.6	           12235	        -642.618
     142	 1.98604	 1.08507	        -12852.7	         12210.2	        -642.447
     143	 1.98343	 1.09423	        -12836.6	         12194.2	        -642.411
     144	 1.98241	 1.09819	        -12830.4	         12187.9	        -642.547
     145	  1.9827	 1.09774	        -12832.5	         12189.7	         -642.74
     146	 1.98391	 1.09421	          -12840	         12197.1	        -642.871
     147	 1.98568	 1.08875	          -12851	           12208	        -642.961
     148	 1.98771	 1.08239	        -12863.6	         12220.5	        -643.117
     149	 1.98953	  1.0766	        -12875.1	         12231.7	        -643.406
     150	 1.99042	 1.07359	        -12880.9	         12237.1	         -643.74
     151	 1.98964	 1.07561	        -12876.2	         12232.3	        -643.885
     152	 1.98693	  1.0834	        -12859.4	         12215.7	        -643.687
     153	 1.98289	  1.0952	        -12834.1	         12190.8	        -643.229
     154	 1.97871	 1.10739	          -12808	         12165.2	        -642.743
     155	  1.9757	 1.11612	        -12789.2	         12146.7	        -642.517
     156	 1.97448	 1.11937	          -12782	         12139.2	        -642.767
     157	 1.97465	 1.11827	        -12783.5	         12140.3	        -643.295
     158	 1.97522	 1.11579	        -12787.3	         12143.7	        -643.577
     159	 1.97566	 1.11346	        -12789.8	         12146.4	        -643.368
     160	 1.97639	 1.10997	        -12793.9	         12150.9	        -643.017
     161	 1.97811	 1.10325	        -12804.4	         12161.5	        -642.905
     162	 1.98097	 1.09287	        -12822.1	           12179	        -643.085
     163	  1.9844	 1.08056	        -12843.5	         12200.2	        -643.387
     164	 1.98756	  1.0689	        -12863.1	         12219.6	        -643.533
     165	 1.98992	 1.05944	        -12877.5	         12234.1	        -643.449
     166	 1.99151	 1.05209	        -12887.1	         12243.9	        -643.235
     167	 1.99277	 1.04562	        -12894.6	         12251.6	        -643.005
     168	 1.99423	  1.0385	        -12903.3	         12260.5	        -642.783
     169	 1.99641	 1.02924	        -12916.5	           12274	        -642.596
     170	 1.99969	 1.01683	        -12936.7	         12294.1	        -642.625
     171	 2.00385	 1.00186	        -12962.6	         12319.7	        -642.957
     172	 2.00804	0.986987	        -12988.7	         12345.4	        -643.363
     173	 2.01119	0.975401	        -13008.3	         12364.8	        -643.586
     174	 2.01266	0.969059	        -13017.3	         12373.8	        -643.562
     175	 2.01241	0.968066	        -13015.6	         12372.2	        -643.348
     176	   2.011	0.970912	        -13006.5	         12363.5	        -642.982
     177	 2.00924	0.975105	        -12995.6	         12352.8	        -642.844
     178	 2.00749	0.979547	        -12985.1	           12342	        -643.019
     179	 2.00555	0.984943	          -12973	         12330.1	        -642.948
     180	 2.00354	0.990802	        -12960.4	         12317.7	        -642.698
     181	 2.00193	0.995567	        -12950.5	         12307.8	        -642.629
     182	 2.00087	0.998752	        -12944.2	         12301.3	         -642.86
     183	 1.99989	 1.00171	        -12938.5	         12295.3	        -643.174
     184	 1.99842	 1.00617	        -12929.5	         12286.3	        -643.175
     185	 1.99656	 1.01186	        -12917.6	         12274.8	        -642.805
     186	 1.99514	 1.01623	        -12908.6	         12266.1	        -642.494
     187	 1.99494	 1.01702	        -12907.4	         12264.9	        -642.462
     188	 1.99616	 1.01377	          -12915	         12272.4	        -642.588
     189	  1.9985	 1.00735	        -12929.6	         12286.8	        -642.834
     190	 2.00138	0.999576	        -12947.6	         12304.5	        -643.122
     191	 2.00409	0.992603	        -12964.5	         12321.1	        -643.348
     192	 2.00605	0.988225	        -12976.6	         12333.1	        -643.481
     193	  2.0069	0.987523	        -12981.9	         12338.4	        -643.509
     194	  2.0066	0.990733	          -12980	         12336.6	         -643.44
     195	 2.00535	0.997277	        -12972.2	         12328.9	          -643.3
     196	 2.00353	 1.00603	        -12960.8	         12317.7	        -643.172
     197	 2.00147	 1.01593	        -12948.1	           12305	        -643.127
     198	 1.99932	 1.02641	          -12935	         12291.8	        -643.139
     199	 1.99708	 1.03739	        -12921.3	         12278.1	        -643.192
     200	 1.99465	 1.04905	        -12906.4	         12263.1	         -643.28
     201	 1.99187	 1.06174	        -12889.3	           12246	        -643.313
     202	 1.98874	 1.07541	          -12870	         12226.8	         -643.23
     203	 1.98548	  1.0893	        -12849.9	         12206.8	        -643.116
     204	 1.98241	  1.1024	        -12830.9	         12187.9	        -643.022
     205	  1.9798	 1.11386	        -12814.8	         12171.8	        -642.982
     206	 1.97775	 1.12324	        -12802.3	         12159.3	        -643.081
     207	 1.97611	 1.13091	        -12792.4	         12149.2	        -643.214
     208	 1.97469	 1.13743	        -12783.7	         12140.5	        -643.207
     209	 1.97354	 1.14259	        -12776.6	         12133.4	        -643.135
     210	 1.97285	 1.14578	        -12772.2	         12129.1	        -643.078
     211	 1.97281	 1.14649	        -12771.9	         12128.9	        -642.942
     212	  1.9737	 1.14393	        -12777.2	         12134.4	        -642.816
     213	 1.97574	 1.13755	        -12789.8	           12147	        -642.804
     214	 1.97887	 1.12766	        -12809.1	         12166.2	        -642.901
     215	 1.98269	 1.11544	        -12832.8	         12189.6	        -643.175
     216	 1.98644	 1.10324	        -12856.2	         12212.7	        -643.538
     217	 1.98919	 1.09385	        -12873.3	         12229.6	        -643.759
     218	 1.99037	 1.08904	        -12880.5	         12236.8	        -643.733
     219	 1.98999	 1.08872	          -12878	         12234.5	        -643.474
     220	 1.98871	 1.09107	        -12869.7	         12226.6	        -643.053
     221	 1.98751	 1.09315	          -12862	         12219.3	        -642.712
     222	  1.9872	 1.09257	          -12860	         12217.3	        -642.679
     223	 1.98792	 1.08894	        -12864.6	         12221.8	        -642.849
     224	 1.98933	 1.08332	        -12873.5	         12230.4	         -643.03
     225	 1.99099	 1.07704	        -12883.8	         12240.6	        -643.163
     226	 1.99257	 1.07109	        -12893.5	         12250.3	        -643.178
     227	 1.99403	 1.06565	        -12902.4	         12259.3	        -643.087
     228	 1.99551	  1.0603	        -12911.5	         12268.4	        -643.056
     229	 1.99705	 1.05497	          -12921	         12277.8	        -643.154
     230	 1.99838	 1.05041	        -12929.3	           12286	        -643.305
     231	 1.99915	 1.04771	        -12934.1	         12290.8	        -643.363
     232	  1.9992	 1.04737	        -12934.3	           12291	          -643.3
     233	 1.99857	 1.04911	        -12930.5	         12287.2	         -643.29
     234	 1.99733	 1.05275	        -12922.9	         12279.6	         -643.32
     235	  1.9955	 1.05816	        -12911.6	         12268.4	        -643.214
     236	  1.9934	 1.06433	        -12898.5	         12255.4	        -643.062
     237	 1.99139	 1.06997	        -12886.1	         12243.1	         -643.06
     238	  1.9896	 1.07464	        -12875.2	         12232.1	        -643.093
     239	 1.98808	 1.07812	        -12865.7	         12222.7	        -642.979
     240	 1.98713	 1.07943	        -12859.7	         12216.9	        -642.782
     241	  1.9872	  1.0772	        -12860.1	         12217.4	        -642.716
     242	 1.98844	 1.07099	        -12867.8	           12225	        -642.842
     243	 1.99056	 1.06175	          -12881	           12238	        -642.997
     244	 1.99312	 1.05085	        -12896.9	         12253.7	        -643.126
     245	 1.99569	 1.03963	        -12912.8	         12269.5	        -643.295
     246	 1.99781	 1.02955	        -12925.9	         12282.6	         -643.38
     247	 1.99933	 1.02126	          -12935	         12291.9	        -643.173
     248	 2.00068	  1.0136	          -12943	         12300.2	        -642.832
     249	  2.0025	 1.00471	        -12954.2	         12311.3	         -642.86
     250	 2.00467	0.995004	        -12967.9	         12324.7	          -643.2
     251	 2.00642	 0.98691	        -12978.9	         12335.4	        -643.415
     252	 2.00714	0.982211	        -12983.3	         12339.8	        -643.417
     253	 2.00672	0.981191	        -12980.5	         12337.2	        -643.275
     254	 2.00548	0.982933	        -12972.7	         12329.6	        -643.009
     255	 2.00407	 0.98558	        -12963.7	           12321	        -642.684
     256	 2.00323	0.986973	        -12958.4	         12315.8	        -642.547
     257	 2.00324	0.986215	        -12958.6	         12315.9	        -642.728
     258	 2.00377	0.984405	        -12962.1	         12319.1	         -642.99
     259	 2.00421	0.983295	          -12965	         12321.9	        -643.148
     260	 2.00418	0.984045	        -12964.9	         12321.7	        -643.199
     261	 2.00354	0.987033	        -12960.9	         12317.7	        -643.168
     262	 2.00237	0.992038	        -12953.7	         12310.5	        -643.142
     263	 2.00073	0.998794	        -12943.7	         12300.5	        -643.206
     264	 1.99854	 1.00751	        -12930.4	           12287	        -643.349
     265	 1.99557	 1.01881	        -12912.3	         12268.8	        -643.509
     266	 1.99158	 1.03324	        -12887.8	         12244.2	        -643.569
     267	 1.98664	 1.05053	        -12857.3	         12213.9	          -643.4
     268	 1.98135	 1.06884	        -12824.4	         12181.4	         -643.07
     269	 1.97658	 1.08537	          -12795	         12152.1	        -642.861
     270	 1.97301	 1.09808	        -12772.9	         12130.2	        -642.758
     271	 1.97101	 1.10585	        -12760.5	         12117.9	        -642.691
     272	 1.97068	 1.10821	        -12758.6	         12115.8	        -642.799
     273	 1.97173	 1.10598	        -12765.3	         12122.3	        -643.028
     274	 1.97358	 1.10087	        -12776.8	         12133.6	        -643.175
     275	 1.97579	 1.09421	        -12790.4	         12147.2	        -643.161
     276	 1.97826	 1.08631	        -12805.5	         12162.4	        -643.027
     277	  1.9812	  1.0767	        -12823.3	         12180.5	        -642.846
     278	 1.98486	 1.06468	        -12845.7	         12202.9	        -642.787
     279	 1.98919	 1.05045	        -12872.5	         12229.6	        -642.974
     280	 1.99366	 1.03571	        -12900.3	         12257.1	         -643.21
     281	 1.99765	 1.02247	        -12924.8	         12281.5	        -643.232
     282	 2.00094	 1.01141	        -12944.8	         12301.7	        -643.064
     283	 2.00376	 1.00196	          -12962	         12319.1	         -642.93
     284	 2.00629	0.993656	        -12977.6	         12334.6	         -642.98
     285	 2.00837	0.987092	        -12990.6	         12347.4	        -643.179
     286	 2.00952	0.983733	        -12997.8	         12354.5	        -643.367
     287	 2.00933	0.984836	        -12996.7	         12353.3	        -643.403
     288	 2.00776	0.990503	        -12986.9	         12343.6	         -643.26
     289	 2.00521	0.999502	          -12971	           12328	        -643.026
     290	 2.00233	  1.0099	        -12953.1	         12310.3	        -642.849
     291	 1.99963	 1.02008	        -12936.5	         12293.7	        -642.797
     292	 1.99737	 1.02923	        -12922.6	         12279.8	        -642.807
     293	  1.9956	 1.03708	        -12911.8	         12268.9	        -642.828
     294	 1.99429	 1.04362	        -12903.8	         12260.9	        -642.899
     295	 1.99325	 1.04931	        -12897.6	         12254.5	        -643.054
     296	 1.99211	 1.05518	        -12890.7	         12247.5	         -643.24
     297	 1.99043	 1.06245	        -12880.5	         12237.2	        -643.334
     298	 1.98803	 1.07163	        -12865.7	         12222.4	        -643.269
     299	 1.98507	 1.08217	        -12847.4	         12204.2	        -643.127
     300	  1.9819	 1.09291	        -12827.8	         12184.8	        -643.013
     301	 1.97887	  1.1028	          -12809	         12166.1	        -642.886
     302	 1.97632	  1.1107	        -12793.2	         12150.5	        -642.742
     303	 1.97462	 1.11547	        -12782.7	         12140.1	        -642.673
     304	 1.97399	 1.11643	        -12778.9	         12136.2	        -642.735
     305	 1.97434	 1.11378	        -12781.2	         12138.3	        -642.916
     306	 1.97537	 1.10847	        -12787.8	         12144.6	        -643.109
     307	 1.97675	 1.10155	        -12796.3	         12153.1	        -643.177
     308	 1.97843	 1.09325	        -12806.5	         12163.5	        -643.071
     309	 1.98074	 1.08282	        -12820.5	         12177.6	        -642.881
     310	 1.98409	 1.06917	        -12841.1	         12198.3	        -642.811
     311	  1.9886	 1.05218	        -12868.9	         12225.9	        -642.973
     312	 1.99374	 1.03356	        -12900.9	         12257.5	        -643.352
     313	 1.99849	  1.0165	        -12930.5	         12286.7	        -643.751
     314	 2.00178	  1.0043	        -12950.9	         12306.9	         -643.96
     315	 2.00297	0.998893	        -12958.2	         12314.2	        -643.982
     316	 2.00191	 1.00064	        -12951.6	         12307.7	        -643.937
     317	 1.99878	 1.00898	        -12932.3	         12288.5	        -643.826
     318	 1.99403	 1.02248	        -12902.9	         12259.3	        -643.613
     319	 1.98835	 1.03887	        -12867.8	         12224.4	         -643.36
     320	 1.98264	  1.0554	        -12832.4	         12189.3	        -643.029
     321	 1.97795	 1.06887	        -12803.1	         12160.5	        -642.598
     322	 1.97538	 1.07589	        -12787.1	         12144.7	         -642.37
     323	 1.97543	 1.07486	        -12787.7	           12145	        -642.676
     324	 1.97741	 1.06787	        -12800.4	         12157.2	        -643.215
     325	    1.98	 1.05889	        -12816.7	         12173.1	         -643.61
     326	 1.98208	 1.05117	        -12829.7	         12185.9	        -643.829
     327	 1.98302	 1.04658	        -12835.5	         12191.7	        -643.854
     328	 1.98278	 1.04537	        -12833.8	         12190.2	        -643.605
     329	 1.98198	  1.0458	        -12828.4	         12185.3	        -643.191
     330	 1.98156	 1.04508	        -12825.7	         12182.7	        -642.978
     331	 1.98204	  1.0417	        -12828.8	         12185.7	        -643.143
     332	 1.98316	 1.03652	        -12835.9	         12192.5	        -643.388
     333	  1.9844	 1.03105	        -12843.5	         12200.2	        -643.377
     334	 1.98573	 1.02543	        -12851.5	         12208.3	        -643.218
     335	 1.98733	 1.01902	        -12861.4	         12218.2	        -643.202
     336	 1.98918	 1.01198	        -12872.8	         12229.5	        -643.269
     337	 1.99105	 1.00507	        -12884.3	           12241	        -643.264
     338	 1.99282	0.998673	        -12895.1	         12251.9	        -643.266
     339	 1.99437	0.993147	        -12904.7	         12261.4	        -643.303
     340	 1.99562	0.988874	        -12912.3	         12269.1	        -643.214
     341	 1.99669	0.985492	        -12918.7	         12275.6	        -643.084
     342	  1.9978	0.982386	        -12925.5	         12282.4	        -643.087
     343	 1.99891	0.979684	        -12932.5	         12289.3	        -643.191
     344	 1.99981	 0.97812	        -12938.2	         12294.8	        -643.344
     345	 2.00015	0.978682	        -12940.5	         12296.9	        -643.562
     346	  1.9995	  0.9826	        -12936.7	         12292.9	        -643.821
     347	 1.99745	0.991046	        -12924.2	         12280.3	        -643.933
     348	 1.99399	 1.00401	        -12902.8	           12259	        -643.769
     349	 1.98966	 1.01971	          -12876	         12232.5	        -643.492
     350	 1.98531	 1.03556	        -12848.9	         12205.7	        -643.176
     351	 1.98181	 1.04894	        -12827.1	         12184.2	        -642.832
     352	 1.97996	 1.05741	        -12815.5	         12172.9	        -642.654
     353	 1.98001	 1.06009	        -12816.1	         12173.2	        -642.913
     354	 1.98123	 1.05912	        -12824.2	         12180.7	         -643.47
     355	 1.98229	 1.05851	        -12830.9	         12187.2	        -643.729
     356	 1.98246	 1.06042	        -12831.6	         12188.2	         -643.44
     357	 1.98223	 1.06342	        -12829.7	         12186.8	        -642.892
     358	 1.98265	 1.06439	        -12832.1	         12189.4	         -642.64
     359	 1.98423	  1.0619	          -12842	         12199.1	        -642.839
     360	  1.9865	 1.05742	        -12856.2	           12213	        -643.186
     361	 1.98857	  1.0535	        -12869.3	         12225.8	        -643.473
     362	 1.98973	 1.05225	        -12876.5	         12232.9	        -643.574
     363	 1.98974	 1.05433	        -12876.3	           12233	        -643.368
     364	  1.9891	  1.0583	          -12872	           12229	        -642.965
     365	 1.98872	  1.0614	        -12869.4	         12226.7	        -642.657
     366	 1.98937	  1.0614	        -12873.2	         12230.7	         -642.56
     367	 1.99131	 1.05753	        -12885.2	         12242.6	        -642.629
     368	 1.99433	 1.05039	          -12904	         12261.1	        -642.883
     369	 1.99777	 1.04192	        -12925.5	         12282.3	        -643.242
     370	 2.00076	 1.03476	        -12944.1	         12300.7	        -643.476
     371	  2.0027	 1.03071	        -12956.1	         12312.6	        -643.481
     372	 2.00351	 1.03003	        -12960.9	         12317.6	        -643.379
     373	  2.0034	 1.03211	        -12960.2	         12316.8	        -643.342
     374	 2.00249	 1.03658	        -12954.7	         12311.3	        -643.338
     375	 2.00093	 1.04314	        -12944.9	         12301.7	        -643.181
     376	 1.99911	 1.05058	        -12933.5	         12290.5	        -642.919
     377	 1.99758	 1.05723	          -12924	         12281.1	        -642.897
     378	 1.99638	 1.06288	        -12916.9	         12273.7	        -643.169
     379	   1.995	 1.06906	        -12908.7	         12265.3	        -643.411
     380	 1.99296	 1.07718	        -12896.2	         12252.7	        -643.446
     381	 1.99023	 1.08721	        -12879.2	           12236	         -643.26
     382	 1.98735	 1.09758	        -12861.2	         12218.3	        -642.951
     383	 1.98507	 1.10598	          -12847	         12204.3	         -642.75
     384	 1.98389	 1.11089	        -12839.8	           12197	         -642.79
     385	 1.98374	 1.11247	        -12839.1	         12196.1	        -642.992
     386	 1.98418	 1.11198	        -12841.9	         12198.8	        -643.156
     387	 1.98481	 1.11055	        -12845.8	         12202.6	        -643.172
     388	 1.98555	 1.10833	        -12850.3	         12207.2	        -643.092
     389	 1.98658	 1.10481	        -12856.5	         12213.5	        -642.991
     390	 1.98814	 1.09933	          -12866	         12223.1	        -642.879
     391	 1.99042	 1.09131	          -12880	         12237.1	        -642.853
     392	 1.99338	 1.08097	        -12898.3	         12255.3	        -643.032
     393	 1.99651	 1.06987	        -12917.9	         12274.6	        -643.305
     394	 1.99913	 1.06023	        -12934.1	         12290.7	        -643.469
     395	 2.00077	 1.05354	        -12944.2	         12300.7	        -643.475
     396	 2.00138	 1.05012	        -12947.8	         12304.5	        -643.369
     397	 2.00116	 1.04942	        -12946.5	         12303.1	        -643.333
     398	 2.00022	 1.05123	        -12940.8	         12297.4	        -643.471
     399	  1.9984	 1.05614	        -12929.7	         12286.2	        -643.501
     400	 1.99572	 1.06413	        -12913.1	         12269.7	        -643.363
     401	 1.99254	 1.07411	        -12893.4	         12250.2	         -643.23
     402	 1.98929	 1.08485	        -12873.3	         12230.2	        -643.085
     403	 1.98635	 1.09513	        -12855.2	         12212.1	        -643.076
     404	 1.98382	 1.10461	        -12839.8	         12196.6	        -643.221
     405	 1.98148	 1.11386	        -12825.5	         12182.2	        -643.336
     406	 1.97914	 1.12329	        -12811.2	         12167.8	        -643.336
     407	 1.97691	 1.13251	        -12797.4	         12154.1	        -643.258
     408	 1.97505	 1.14055	        -12785.9	         12142.7	        -643.184
     409	 1.97392	 1.14637	        -12778.8	         12135.7	         -643.08
     410	 1.97387	 1.14883	        -12778.4	         12135.5	        -642.914
     411	 1.97526	 1.14682	        -12786.9	           12144	        -642.903
     412	 1.97804	 1.14048	        -12804.2	         12161.1	        -643.089
     413	 1.98167	 1.13147	        -12826.7	         12183.4	        -643.321
     414	 1.98539	 1.12205	        -12849.8	         12206.2	         -643.58
     415	 1.98837	 1.11467	        -12868.4	         12224.5	         -643.85
     416	 1.98987	 1.11162	        -12877.8	         12233.8	        -643.989
     417	 1.98954	   1.114	        -12875.6	         12231.7	        -643.848
     418	 1.98771	 1.12084	          -12864	         12220.5	        -643.521
     419	 1.98512	 1.12985	        -12847.9	         12204.6	        -643.363
     420	 1.98226	 1.13956	        -12830.4	           12187	        -643.438
     421	 1.97915	 1.14981	        -12811.4	         12167.9	        -643.461
     422	 1.97597	 1.16006	        -12791.6	         12148.4	        -643.234
     423	 1.97341	 1.16821	        -12775.4	         12132.6	        -642.818
     424	 1.97247	 1.17112	        -12769.4	         12126.9	        -642.561
     425	 1.97379	 1.16697	        -12777.7	         12134.9	        -642.721
     426	   1.977	 1.15682	        -12797.8	         12154.6	        -643.146
     427	 1.98107	 1.14378	        -12823.2	         12179.7	        -643.521
     428	 1.98496	 1.13095	        -12847.3	         12203.6	        -643.694
     429	 1.98803	 1.12028	        -12866.2	         12222.5	        -643.689
     430	 1.99008	 1.11244	        -12878.7	           12235	        -643.626
     431	  1.9911	 1.10748	        -12884.9	         12241.3	        -643.576
     432	  1.9912	 1.10515	        -12885.4	         12241.9	        -643.438
     433	 1.99079	 1.10435	        -12882.5	         12239.4	        -643.115
     434	 1.99063	 1.10284	        -12881.2	         12238.4	        -642.791
     435	 1.99145	 1.09848	        -12886.2	         12243.5	        -642.777
     436	 1.99328	  1.0912	        -12897.7	         12254.7	        -643.015
     437	 1.99561	 1.08264	        -12912.1	           12269	        -643.152
     438	 1.99798	 1.07414	        -12926.7	         12283.6	        -643.119
     439	 2.00027	 1.06609	        -12940.7	         12297.7	        -643.076
     440	 2.00241	 1.05873	        -12953.8	         12310.8	        -643.076
     441	 2.00425	 1.05252	        -12965.2	         12322.1	        -643.082
     442	 2.00568	 1.04788	          -12974	         12330.9	        -643.109
     443	 2.00651	 1.04527	        -12979.2	           12336	        -643.182
     444	 2.00659	 1.04522	        -12979.7	         12336.5	        -643.213
     445	 2.00592	 1.04779	        -12975.4	         12332.3	        -643.078
     446	 2.00484	 1.05193	        -12968.6	         12325.7	        -642.899
     447	 2.00376	 1.05637	          -12962	         12319.1	        -642.948
     448	 2.00266	 1.06119	        -12955.5	         12312.3	        -643.177
     449	 2.00111	 1.06761	        -12946.2	         12302.8	        -643.365
     450	 1.99873	 1.07664	        -12931.6	         12288.2	        -643.447
     451	 1.99541	 1.08846	        -12911.2	         12267.8	         -643.39
     452	 1.99143	 1.10211	        -12886.5	         12243.3	        -643.132
     453	 1.98755	 1.11523	        -12862.3	         12219.5	        -642.753
     454	 1.98475	  1.1248	        -12844.8	         12202.3	         -642.52
     455	 1.98364	 1.12886	        -12838.1	         12195.5	          -642.6
     456	 1.98415	 1.12764	        -12841.4	         12198.6	        -642.815
     457	 1.98583	 1.12249	        -12851.9	         12208.9	        -642.933
     458	 1.98834	 1.11449	        -12867.3	         12224.3	        -642.943
     459	 1.99149	 1.10421	        -12886.7	         12243.7	        -642.985
     460	 1.99503	  1.0925	        -12908.6	         12265.4	        -643.143
     461	 1.99848	 1.08089	        -12929.9	         12286.7	        -643.275
     462	 2.00147	 1.07072	        -12948.2	           12305	        -643.195
     463	 2.00401	 1.06198	        -12963.6	         12320.6	        -642.968
     464	 2.00645	 1.05371	        -12978.4	         12335.6	        -642.809
     465	 2.00904	 1.04529	        -12994.3	         12351.5	        -642.812
     466	  2.0117	 1.03705	        -13010.8	         12367.8	        -642.929
     467	 2.01407	 1.03004	        -13025.5	         12382.4	        -643.109
     468	 2.01568	 1.02569	        -13035.7	         12392.3	        -643.358
     469	 2.01597	 1.02564	        -13037.7	         12394.1	        -643.579
     470	 2.01458	 1.03095	        -13029.1	         12385.6	        -643.506
     471	 2.01185	 1.04059	        -13011.9	         12368.8	        -643.126
     472	 2.00872	 1.05162	        -12992.5	         12349.6	        -642.928
     473	 2.00581	 1.06208	        -12974.7	         12331.7	        -643.032
     474	 2.00313	 1.07189	        -12958.3	         12315.2	        -643.099
     475	 2.00064	 1.08105	          -12943	         12299.9	        -643.137
     476	 1.99832	 1.08941	        -12928.8	         12285.6	        -643.167
     477	 1.99623	 1.09673	        -12915.9	         12272.8	        -643.081
     478	 1.99467	 1.10211	        -12906.2	         12263.2	        -642.928
     479	 1.99402	 1.10429	        -12902.1	         12259.3	        -642.874
     480	 1.99448	 1.10271	          -12905	         12262.1	        -642.923
     481	 1.99601	 1.09756	        -12914.3	         12271.5	        -642.888
     482	 1.99861	 1.08885	        -12930.3	         12287.5	        -642.836
     483	 2.00225	 1.07674	        -12952.8	         12309.8	        -642.978
     484	 2.00647	  1.0627	          -12979	         12335.8	        -643.229
     485	 2.01059	 1.04898	        -13004.4	         12361.1	        -643.386
     486	 2.01405	 1.03735	        -13025.7	         12382.3	        -643.421
     487	 2.01659	 1.02869	        -13041.2	         12397.9	        -643.332
     488	 2.01828	 1.02296	        -13051.5	         12408.3	        -643.173
     489	 2.01938	 1.01951	        -13058.2	           12415	        -643.122
     490	 2.01994	 1.01815	        -13061.7	         12418.5	        -643.274
     491	 2.01967	 1.01974	        -13060.3	         12416.8	        -643.501
     492	 2.01821	 1.02531	        -13051.4	         12407.8	        -643.556
     493	 2.01562	 1.03458	        -13035.3	           12392	        -643.307
     494	 2.01262	 1.04534	        -13016.5	         12373.5	        -643.017
     495	 2.00994	 1.05516	        -13000.1	           12357	        -643.071
     496	 2.00767	 1.06375	        -12986.4	         12343.1	        -643.317
     497	 2.00545	 1.07212	        -12972.9	         12329.5	        -643.422
     498	 2.00309	 1.08077	        -12958.4	           12315	         -643.41
     499	 2.00066	 1.08944	        -12943.3	         12300.1	        -643.253
     500	 1.99853	 1.09705	          -12930	           12287	        -643.031
     501	 1.99716	 1.10224	        -12921.5	         12278.5	        -642.944
     502	 1.99675	 1.10444	        -12918.9	           12276	        -642.907
     503	 1.99736	 1.10359	        -12922.7	         12279.8	        -642.925
     504	  1.9988	 1.10019	        -12931.8	         12288.6	        -643.141
     505	 2.00052	 1.09599	        -12942.6	         12299.2	        -643.418
     506	 2.00181	 1.09311	        -12950.6	         12307.1	         -643.55
     507	 2.00225	 1.09278	        -12953.3	         12309.8	        -643.542
     508	 2.00178	 1.09515	        -12950.4	           12307	        -643.437
     509	 2.00064	 1.09953	        -12943.2	         12299.9	        -643.313
     510	 1.99913	 1.10494	        -12933.9	         12290.6	        -643.202
     511	 1.99762	  1.1103	        -12924.4	         12281.4	        -643.013
     512	 1.99662	 1.11407	          -12918	         12275.2	        -642.785
     513	 1.99665	 1.11469	        -12918.1	         12275.4	        -642.736
     514	 1.99781	 1.11182	        -12925.4	         12282.6	        -642.871
     515	  1.9998	 1.10646	        -12937.8	         12294.8	        -643.064
     516	 2.00207	 1.10018	          -12952	         12308.7	        -643.301
     517	 2.00403	 1.09477	        -12964.1	         12320.7	        -643.419
     518	 2.00539	 1.09118	        -12972.4	         12329.1	        -643.312
     519	 2.00631	 1.08892	          -12978	         12334.8	        -643.195
     520	 2.00702	 1.08736	        -12982.4	         12339.1	        -643.246
     521	 2.00746	 1.08675	        -12985.1	         12341.8	        -643.337
     522	 2.00745	 1.08763	        -12985.2	         12341.8	        -643.368
     523	 2.00694	 1.09023	          -12982	         12338.6	         -643.39
     524	 2.00587	 1.09467	        -12975.5	           12332	        -643.449
     525	 2.00413	 1.10127	        -12964.9	         12321.4	        -643.589
     526	 2.00145	 1.11073	        -12948.7	         12304.9	         -643.78
     527	  1.9976	 1.12376	          -12925	         12281.2	        -643.736
     528	 1.99296	 1.13922	        -12895.9	         12252.7	        -643.178
     529	 1.98884	 1.15303	        -12870.2	         12227.4	        -642.766
     530	 1.98618	 1.16221	        -12853.9	         12211.1	        -642.858
     531	 1.98491	 1.16701	        -12846.3	         12203.3	        -642.984
     532	 1.98463	 1.16849	        -12844.8	         12201.6	        -643.186
     533	 1.98483	 1.16807	        -12846.2	         12202.8	        -643.403
     534	 1.98509	 1.16706	        -12847.7	         12204.4	        -643.373
     535	 1.98552	 1.16521	        -12850.2	           12207	        -643.143
     536	  1.9866	 1.16112	        -12856.7	         12213.6	        -643.081
     537	 1.98842	 1.15454	        -12868.1	         12224.8	        -643.308
     538	 1.99045	 1.14714	          -12881	         12237.3	        -643.628
     539	 1.99191	  1.1413	          -12890	         12246.3	        -643.767
     540	 1.99234	 1.13836	        -12892.6	           12249	        -643.695
     541	 1.99179	 1.13818	        -12889.1	         12245.6	        -643.544
     542	 1.99058	 1.13989	        -12881.5	         12238.1	        -643.327
     543	 1.98921	 1.14206	        -12872.8	         12229.7	        -643.122
     544	 1.98814	 1.14333	        -12866.2	         12223.1	        -643.033
     545	 1.98761	  1.1431	          -12863	         12219.9	        -643.067
     546	 1.98749	  1.1417	        -12862.5	         12219.1	        -643.327
     547	 1.98716	 1.14093	        -12860.9	         12217.1	         -643.73
     548	 1.98578	 1.14331	        -12852.5	         12208.6	        -643.937
     549	 1.98294	 1.14997	        -12834.9	         12191.2	        -643.729
     550	 1.97921	 1.15923	        -12811.5	         12168.3	        -643.185
     551	 1.97589	 1.16721	        -12790.5	         12147.9	         -642.68
     552	 1.97417	 1.17029	        -12779.9	         12137.3	        -642.596
     553	 1.97435	 1.16756	        -12781.3	         12138.4	        -642.926
     554	 1.97577	 1.16094	        -12790.5	         12147.1	        -643.346
     555	 1.97752	 1.15311	        -12801.4	         12157.9	        -643.576
     556	 1.97901	 1.14571	        -12810.7	           12167	        -643.616
     557	 1.98009	 1.13915	        -12817.3	         12173.7	        -643.634
     558	 1.98076	 1.13349	        -12821.4	         12177.8	        -643.577
     559	  1.9813	 1.12808	        -12824.3	         12181.1	        -643.196
     560	 1.98259	 1.12046	        -12831.7	           12189	        -642.707
     561	 1.98556	 1.10792	          -12850	         12207.3	        -642.713
     562	 1.99006	 1.09103	        -12878.1	         12234.9	        -643.214
     563	 1.99484	 1.07367	          -12908	         12264.3	        -643.749
     564	 1.99845	  1.0602	        -12930.5	         12286.5	        -644.048
     565	 1.99996	 1.05333	        -12939.8	         12295.8	        -644.073
     566	 1.99917	 1.05368	        -12934.8	         12290.9	        -643.893
     567	 1.99649	 1.06006	          -12918	         12274.4	        -643.567
     568	 1.99276	 1.06994	        -12894.7	         12251.5	        -643.143
     569	 1.98913	 1.07989	        -12871.9	         12229.2	        -642.745
     570	 1.98666	 1.08668	        -12856.6	           12214	        -642.554
     571	 1.98592	 1.08849	        -12852.1	         12209.5	         -642.63
     572	 1.98685	 1.08546	          -12858	         12215.2	        -642.859
     573	 1.98892	 1.07905	        -12871.1	         12227.9	        -643.158
     574	 1.99135	 1.07145	        -12886.3	         12242.9	        -643.491
     575	  1.9933	 1.06514	        -12898.6	         12254.8	        -643.742
     576	  1.9941	 1.06207	        -12903.5	         12259.7	        -643.786
     577	  1.9936	 1.06272	        -12900.3	         12256.7	        -643.609
     578	 1.99216	 1.06604	        -12891.2	         12247.8	        -643.337
     579	 1.99043	 1.07017	        -12880.3	         12237.2	        -643.125
     580	 1.98896	 1.07346	        -12871.2	         12228.2	        -642.995
     581	 1.98817	 1.07478	        -12866.2	         12223.3	        -642.927
     582	 1.98827	 1.07353	        -12866.9	         12223.9	        -642.947
     583	 1.98926	 1.06974	          -12873	           12230	        -642.999
     584	 1.99102	 1.06384	        -12883.9	         12240.8	         -643.09
     585	 1.99322	 1.05678	        -12897.7	         12254.3	        -643.388
     586	 1.99513	 1.05078	        -12909.8	         12266.1	        -643.682
     587	 1.99605	   1.048	        -12915.4	         12271.7	        -643.707
     588	 1.99582	  1.0488	        -12913.8	         12270.3	        -643.501
     589	 1.99492	 1.05177	        -12907.9	         12264.8	        -643.186
     590	 1.99407	 1.05468	        -12902.5	         12259.5	        -642.991
     591	 1.99378	 1.05593	        -12900.8	         12257.8	        -642.993
     592	 1.99413	 1.05528	          -12903	         12259.9	          -643.1
     593	 1.99487	 1.05339	        -12907.7	         12264.5	        -643.273
     594	 1.99557	 1.05144	        -12912.2	         12268.8	        -643.435
     595	 1.99585	 1.05058	          -12914	         12270.5	        -643.474
     596	 1.99563	 1.05115	        -12912.4	         12269.1	        -643.304
     597	 1.99527	 1.05209	        -12909.9	         12266.9	        -642.971
     598	 1.99547	 1.05142	        -12910.9	         12268.2	        -642.743
     599	 1.99668	 1.04789	        -12918.4	         12275.6	        -642.857
     600	 1.99858	 1.04247	        -12930.4	         12287.3	         -643.15
     601	  2.0005	 1.03732	        -12942.3	           12299	         -643.29
     602	 2.00196	 1.03379	        -12951.3	           12308	        -643.275
     603	 2.00287	 1.03221	        -12956.9	         12313.6	         -643.25
     604	 2.00323	 1.03259	          -12959	         12315.8	        -643.177
     605	 2.00319	 1.03452	        -12958.6	         12315.6	        -643.035
     606	   2.003	 1.03719	        -12957.4	         12314.4	        -643.008
     607	  2.0027	 1.04044	        -12955.7	         12312.6	        -643.158
     608	 2.00199	 1.04512	        -12951.6	         12308.2	        -643.324
     609	 2.00054	 1.05217	        -12942.7	         12299.3	        -643.403
     610	 1.99821	 1.06192	        -12928.4	           12285	        -643.389
     611	  1.9951	 1.07392	        -12909.2	         12265.9	        -643.255
     612	 1.99161	 1.08693	        -12887.5	         12244.5	         -643.03
     613	  1.9883	 1.09916	        -12866.9	         12224.1	        -642.852
     614	  1.9856	 1.10914	        -12850.3	         12207.5	        -642.818
     615	 1.98365	 1.11638	        -12838.4	         12195.5	        -642.904
     616	 1.98232	 1.12115	        -12830.4	         12187.3	        -643.013
     617	 1.98147	 1.12386	        -12825.2	         12182.1	        -643.024
     618	 1.98119	 1.12433	        -12823.3	         12180.4	        -642.931
     619	 1.98172	 1.12184	        -12826.6	         12183.7	        -642.921
     620	 1.98317	 1.11626	        -12835.6	         12192.6	        -643.053
     621	 1.98529	 1.10846	        -12848.8	         12205.6	        -643.229
     622	 1.98765	  1.0998	        -12863.5	         12220.1	         -643.36
     623	 1.98992	 1.09143	        -12877.4	           12234	         -643.35
     624	 1.99198	 1.08372	          -12890	         12246.7	        -643.298
     625	 1.99383	 1.07671	        -12901.4	         12258.1	        -643.304
     626	 1.99541	 1.07066	        -12911.1	         12267.8	        -643.348
     627	 1.99659	 1.06598	        -12918.4	         12275.1	        -643.359
     628	 1.99738	 1.06276	        -12923.2	         12279.9	        -643.274
     629	 1.99795	 1.06052	        -12926.6	         12283.4	        -643.195
     630	 1.99844	 1.05885	        -12929.7	         12286.4	        -643.256
     631	  1.9987	 1.05816	        -12931.4	           12288	        -643.374
     632	 1.99847	 1.05922	          -12930	         12286.6	        -643.423
     633	 1.99762	 1.06229	        -12924.8	         12281.4	        -643.402
     634	 1.99622	 1.06705	        -12916.1	         12272.8	        -643.347
     635	 1.99451	 1.07271	        -12905.5	         12262.3	        -643.243
     636	 1.99293	 1.07794	        -12895.5	         12252.5	        -642.989
     637	 1.99219	 1.08054	        -12890.8	           12248	        -642.734
     638	 1.99288	 1.07866	        -12895.1	         12252.2	         -642.87
     639	 1.99475	 1.07303	        -12906.9	         12263.7	        -643.116
     640	 1.99716	 1.06553	        -12921.8	         12278.6	        -643.253
     641	 1.99959	 1.05766	        -12936.8	         12293.4	        -643.352
     642	 2.00165	 1.05055	        -12949.5	         12306.1	        -643.348
     643	 2.00323	 1.04459	          -12959	         12315.9	        -643.188
     644	 2.00459	 1.03913	        -12967.1	         12324.2	        -642.961
     645	 2.00613	 1.03302	        -12976.4	         12333.6	        -642.786
     646	  2.0082	 1.02531	        -12989.1	         12346.4	        -642.691
     647	 2.01099	 1.01561	        -13006.2	         12363.5	         -642.67
     648	 2.01447	 1.00407	        -13027.7	         12384.9	        -642.777
     649	 2.01833	  0.9917	        -13051.7	         12408.6	        -643.075
     650	 2.02184	0.980695	        -13073.6	         12430.2	        -643.472
     651	 2.02416	0.973691	        -13088.1	         12444.5	        -643.685
     652	 2.02487	0.972045	        -13092.4	         12448.8	        -643.604
     653	 2.02411	0.975221	        -13087.6	         12444.1	        -643.487
     654	 2.02219	0.982276	        -13075.9	         12432.3	        -643.513
     655	 2.01921	0.992914	        -13057.5	           12414	        -643.498
     656	 2.01533	  1.0065	        -13033.5	         12390.2	        -643.299
     657	 2.01112	 1.02125	        -13007.3	         12364.3	        -643.032
     658	  2.0073	 1.03486	        -12983.7	         12340.9	        -642.877
     659	 2.00439	 1.04574	        -12965.8	         12322.9	        -642.874
     660	 2.00256	 1.05331	        -12954.6	         12311.7	        -642.864
     661	 2.00195	 1.05721	        -12950.8	           12308	        -642.795
     662	 2.00267	 1.05704	        -12955.3	         12312.4	        -642.867
     663	 2.00445	 1.05357	        -12966.6	         12323.3	        -643.229
     664	 2.00638	  1.0495	        -12978.9	         12335.2	        -643.687
     665	 2.00736	 1.04815	        -12985.1	         12341.2	        -643.913
     666	 2.00679	 1.05126	        -12981.5	         12337.7	        -643.814
     667	 2.00486	 1.05831	        -12969.4	         12325.8	        -643.584
     668	 2.00207	  1.0677	        -12952.2	         12308.7	        -643.492
     669	 1.99881	 1.07838	        -12932.1	         12288.7	         -643.46
     670	 1.99532	 1.08959	        -12910.6	         12267.3	        -643.318
     671	 1.99199	 1.10009	        -12890.1	         12246.8	        -643.273
     672	 1.98896	 1.10932	        -12871.6	         12228.2	         -643.44
     673	 1.98601	  1.1179	        -12853.5	           12210	        -643.449
     674	 1.98324	 1.12553	        -12836.2	           12193	        -643.136
     675	 1.98137	 1.12999	        -12824.3	         12181.5	        -642.786
     676	 1.98122	 1.12881	        -12823.3	         12180.6	         -642.65
     677	 1.98317	 1.12097	        -12835.3	         12192.6	          -642.7
     678	 1.98709	 1.10697	        -12859.5	         12216.7	        -642.853
     679	 1.99246	 1.08846	        -12892.8	         12249.7	        -643.154
     680	 1.99834	 1.06831	        -12929.4	         12285.8	        -643.586
     681	 2.00351	 1.05028	        -12961.5	         12317.6	        -643.935
     682	   2.007	 1.03747	          -12983	           12339	        -643.973
     683	 2.00853	 1.03078	        -12992.1	         12348.4	        -643.693
     684	 2.00859	 1.02884	        -12992.1	         12348.8	        -643.365
     685	 2.00783	 1.02971	        -12987.4	         12344.1	        -643.275
     686	 2.00649	 1.03268	        -12979.2	         12335.8	        -643.356
     687	 2.00451	 1.03795	          -12967	         12323.7	        -643.323
     688	 2.00208	 1.04498	        -12951.8	         12308.7	        -643.066
     689	 1.99981	 1.05183	        -12937.5	         12294.8	        -642.758
     690	 1.99839	 1.05634	        -12928.8	         12286.1	         -642.71
     691	 1.99794	 1.05809	        -12926.3	         12283.3	        -642.974
     692	 1.99792	 1.05864	        -12926.5	         12283.2	        -643.265
     693	 1.99767	 1.05984	          -12925	         12281.7	        -643.353
     694	 1.99697	 1.06227	        -12920.6	         12277.4	        -643.267
     695	   1.996	 1.06534	        -12914.6	         12271.4	         -643.23
     696	 1.99484	 1.06871	        -12907.7	         12264.3	        -643.416
     697	 1.99318	  1.0733	        -12897.7	         12254.1	        -643.598
     698	 1.99076	 1.07994	        -12882.7	         12239.2	        -643.429
     699	 1.98797	 1.08745	        -12865.1	         12222.1	        -643.044
     700	 1.98562	 1.09334	        -12850.4	         12207.6	        -642.782
     701	 1.98428	 1.09595	        -12842.2	         12199.4	         -642.76
     702	 1.98398	  1.0952	        -12840.5	         12197.6	        -642.911
     703	 1.98437	 1.09213	        -12843.1	           12200	        -643.097
     704	 1.98504	   1.088	        -12847.2	           12204	         -643.17
     705	 1.98584	 1.08321	        -12852.1	           12209	        -643.048
     706	  1.9871	 1.07693	        -12859.6	         12216.7	        -642.815
     707	 1.98934	 1.06762	        -12873.1	         12230.5	        -642.633
     708	 1.99296	 1.05422	        -12895.3	         12252.7	         -642.63
     709	 1.99787	 1.03702	        -12925.8	         12282.9	        -642.848
     710	 2.00347	 1.01793	        -12960.5	         12317.3	        -643.224
     711	 2.00873	 1.00003	        -12993.2	         12349.6	        -643.617
     712	 2.01262	0.986439	        -13017.3	         12373.5	        -643.828
     713	 2.01457	0.978943	        -13029.3	         12385.5	        -643.782
     714	 2.01459	0.977472	        -13029.3	         12385.6	        -643.649
     715	   2.013	0.981089	        -13019.4	         12375.9	         -643.53
     716	 2.01022	0.988582	          -13002	         12358.8	        -643.254
     717	 2.00697	0.997739	        -12981.7	         12338.8	        -642.904
     718	 2.00411	 1.00593	          -12964	         12321.2	        -642.766
     719	 2.00207	 1.01178	        -12951.6	         12308.7	        -642.863
     720	 2.00078	 1.01549	        -12943.8	         12300.8	        -643.043
     721	 1.99995	 1.01788	        -12938.8	         12295.7	        -643.153
     722	 1.99944	 1.01934	        -12935.6	         12292.6	         -643.03
     723	 1.99957	 1.01895	        -12936.2	         12293.4	        -642.823
     724	 2.00071	  1.0155	        -12943.2	         12300.3	          -642.9
     725	  2.0027	 1.00952	        -12955.7	         12312.6	        -643.082
     726	 2.00515	 1.00232	        -12970.7	         12327.6	        -643.098
     727	 2.00789	0.994398	        -12987.5	         12344.4	         -643.07
     728	 2.01081	0.986092	        -13005.7	         12362.4	         -643.28
     729	 2.01334	0.979208	        -13021.7	           12378	        -643.735
     730	 2.01444	0.976917	        -13028.8	         12384.7	        -644.042
     731	 2.01344	0.981302	        -13022.5	         12378.5	        -643.928
     732	 2.01055	0.991663	        -13004.4	         12360.8	        -643.615
     733	 2.00648	  1.0058	        -12979.2	         12335.8	        -643.435
     734	  2.0018	 1.02198	        -12950.4	           12307	        -643.316
     735	 1.99695	 1.03881	        -12920.4	         12277.3	        -643.134
     736	 1.99248	 1.05455	        -12892.7	         12249.8	        -642.913
     737	   1.989	 1.06732	        -12871.1	         12228.4	        -642.745
     738	  1.9869	 1.07585	        -12858.3	         12215.5	        -642.805
     739	 1.98607	 1.08052	        -12853.5	         12210.4	        -643.078
     740	 1.98586	 1.08324	        -12852.4	         12209.1	        -643.332
     741	 1.98557	 1.08603	        -12850.8	         12207.3	        -643.494
     742	 1.98474	 1.09029	        -12845.7	         12202.2	        -643.484
     743	 1.98333	 1.09613	        -12836.8	         12193.6	        -643.243
     744	 1.98182	 1.10216	        -12827.3	         12184.3	        -642.952
     745	 1.98084	 1.10657	          -12821	         12178.2	        -642.795
     746	 1.98073	 1.10832	        -12820.4	         12177.6	         -642.81
     747	 1.98149	  1.1075	        -12825.2	         12182.3	         -642.91
     748	 1.98288	 1.10488	        -12833.8	         12190.8	        -643.059
     749	 1.98445	 1.10168	        -12843.8	         12200.4	        -643.338
     750	 1.98552	 1.09992	        -12850.7	           12207	        -643.687
     751	 1.98532	 1.10183	        -12849.6	         12205.8	        -643.837
     752	 1.98357	 1.10822	        -12838.7	           12195	        -643.642
     753	 1.98075	 1.11755	          -12821	         12177.7	        -643.271
     754	 1.97778	 1.12697	        -12802.5	         12159.5	        -642.997
     755	 1.97543	 1.13413	          -12788	           12145	        -642.909
     756	 1.97412	 1.13771	        -12779.8	           12137	        -642.833
     757	 1.97423	 1.13663	        -12780.3	         12137.7	        -642.615
     758	  1.9763	 1.12927	        -12792.9	         12150.4	        -642.458
     759	 1.98062	 1.11479	        -12819.6	         12176.9	        -642.663
     760	 1.98666	 1.09487	        -12857.2	           12214	        -643.167
     761	 1.99321	  1.0733	        -12897.9	         12254.3	        -643.611
     762	 1.99913	 1.05364	        -12934.4	         12290.7	        -643.742
     763	 2.00392	  1.0375	        -12963.7	         12320.1	        -643.633
     764	 2.00758	 1.02494	        -12986.1	         12342.6	        -643.571
     765	 2.01011	 1.01607	        -13001.7	         12358.1	        -643.671
     766	 2.01121	 1.01177	        -13008.6	         12364.8	        -643.802
     767	 2.01055	 1.01297	        -13004.6	         12360.8	        -643.812
     768	  2.0082	 1.01948	        -12989.9	         12346.4	         -643.49
     769	 2.00502	 1.02878	        -12969.7	         12326.8	        -642.859
     770	 2.00239	 1.03658	        -12953.2	         12310.6	        -642.537
     771	 2.00104	 1.04064	        -12945.2	         12302.4	        -642.788
     772	 2.00054	 1.04234	        -12942.4	         12299.3	        -643.113
     773	 2.00015	 1.04382	        -12940.1	         12296.9	        -643.225
     774	 1.99953	   1.046	        -12936.4	         12293.1	        -643.278
     775	 1.99852	 1.04925	        -12930.4	         12286.9	        -643.477
     776	 1.99683	 1.05447	        -12920.2	         12276.5	        -643.691
     777	 1.99422	 1.06235	        -12904.1	         12260.5	        -643.588
     778	 1.99112	 1.07159	        -12884.7	         12241.4	        -643.278
     779	  1.9883	 1.07967	        -12867.2	         12224.1	        -643.118
     780	 1.98633	 1.08495	          -12855	           12212	        -642.999
     781	 1.98555	 1.08638	          -12850	         12207.2	        -642.834
     782	 1.98628	 1.08296	        -12854.5	         12211.7	        -642.794
     783	 1.98849	 1.07475	        -12868.2	         12225.2	        -642.949
     784	 1.99169	 1.06324	        -12888.1	         12244.9	        -643.231
     785	 1.99507	 1.05087	        -12909.2	         12265.7	        -643.486
     786	 1.99789	 1.03991	        -12926.6	           12283	        -643.585
     787	 1.99975	 1.03156	          -12938	         12294.5	        -643.537
     788	 2.00066	 1.02586	        -12943.4	           12300	         -643.39
     789	 2.00094	 1.02191	        -12944.9	         12301.8	        -643.132
     790	 2.00121	 1.01797	        -12946.2	         12303.4	        -642.821
     791	 2.00215	 1.01203	        -12951.9	         12309.2	        -642.681
     792	 2.00406	 1.00328	        -12963.7	         12320.9	        -642.799
     793	 2.00662	0.992674	        -12979.7	         12336.6	        -643.023
     794	 2.00923	 0.98204	        -12995.9	         12352.7	        -643.196
     795	 2.01141	 0.97291	        -13009.3	         12366.1	        -643.197
     796	 2.01303	0.965719	        -13019.1	           12376	        -643.049
     797	 2.01429	0.959947	        -13026.8	         12383.8	        -642.938
     798	 2.01535	0.955246	        -13033.3	         12390.3	        -642.992
     799	 2.01601	0.952238	        -13037.5	         12394.4	        -643.165
     800	 2.01584	0.952249	        -13036.6	         12393.3	        -643.327
     801	 2.01442	0.956406	          -13028	         12384.6	        -643.363
     802	 2.01171	0.964833	        -13011.1	         12367.9	        -643.224
     803	 2.00807	0.976325	        -12988.5	         12345.6	        -642.953
     804	 2.00422	0.988704	        -12964.6	         12321.9	         -642.67
     805	  2.0009	0.999675	          -12944	         12301.5	         -642.48
     806	 1.99862	 1.00766	        -12930.1	         12287.5	        -642.517
     807	 1.99735	  1.0127	        -12922.5	         12279.7	        -642.811
     808	  1.9965	 1.01643	        -12917.6	         12274.5	        -643.111
     809	 1.99549	  1.0206	        -12911.5	         12268.3	        -643.187
     810	 1.99422	 1.02549	        -12903.5	         12260.5	        -643.069
     811	 1.99302	  1.0301	        -12896.1	         12253.1	        -642.949
     812	 1.99226	 1.03335	        -12891.4	         12248.4	        -643.002
     813	 1.99192	 1.03526	        -12889.6	         12246.4	        -643.217
     814	 1.99167	 1.03693	        -12888.2	         12244.8	        -643.407
     815	 1.99107	 1.03952	        -12884.7	         12241.1	        -643.551
     816	 1.98979	 1.04394	          -12877	         12233.3	         -643.69
     817	 1.98761	 1.05087	        -12863.4	         12219.8	        -643.597
     818	 1.98484	 1.05935	          -12846	         12202.8	        -643.198
     819	 1.98245	 1.06642	          -12831	         12188.2	        -642.776
     820	 1.98147	 1.06902	        -12824.8	         12182.2	        -642.664
     821	 1.98225	 1.06611	        -12829.8	         12186.9	        -642.862
     822	 1.98442	 1.05882	        -12843.3	         12200.3	         -643.05
     823	 1.98753	  1.0486	        -12862.4	         12219.4	        -643.046
     824	 1.99136	 1.03611	          -12886	         12242.9	        -643.089
     825	 1.99555	 1.02248	        -12912.1	         12268.7	        -643.397
     826	 1.99921	 1.01039	          -12935	         12291.2	        -643.827
     827	 2.00128	 1.00312	        -12947.9	         12303.8	        -644.026
     828	 2.00125	 1.00219	        -12947.5	         12303.7	         -643.83
     829	 1.99954	 1.00632	        -12936.6	         12293.2	        -643.454
     830	 1.99708	 1.01279	        -12921.2	         12278.1	        -643.126
     831	 1.99482	 1.01882	        -12906.9	         12264.1	          -642.8
     832	  1.9937	  1.0217	        -12899.7	         12257.3	         -642.46
     833	 1.99453	   1.019	        -12904.8	         12262.4	        -642.392
     834	 1.99742	 1.01038	        -12922.9	         12280.1	        -642.771
     835	 2.00148	0.998549	        -12948.3	         12305.1	        -643.267
     836	 2.00549	0.987206	        -12973.2	         12329.7	        -643.536
     837	 2.00863	0.978803	        -12992.6	           12349	        -643.559
     838	 2.01063	 0.97417	        -13004.8	         12361.3	        -643.505
     839	 2.01141	0.973529	        -13009.7	         12366.1	        -643.583
     840	 2.01072	0.977626	        -13005.6	         12361.8	        -643.711
     841	 2.00828	0.987211	        -12990.6	         12346.9	        -643.699
     842	 2.00421	  1.0018	        -12965.3	         12321.9	        -643.459
     843	 1.99922	 1.01914	        -12934.3	         12291.2	         -643.06
     844	 1.99436	 1.03588	        -12904.1	         12261.4	        -642.797
     845	 1.99047	 1.04938	          -12880	         12237.4	        -642.592
     846	 1.98819	 1.05764	        -12865.7	         12223.4	        -642.335
     847	 1.98804	 1.05891	        -12864.8	         12222.5	        -642.301
     848	 1.99003	 1.05315	        -12877.2	         12234.7	        -642.467
     849	 1.99364	 1.04192	        -12899.6	         12256.9	        -642.622
     850	 1.99829	 1.02713	        -12928.2	         12285.5	        -642.762
     851	 2.00334	 1.01073	        -12959.5	         12316.5	        -642.971
     852	 2.00806	0.995101	        -12988.8	         12345.5	        -643.277
     853	 2.01158	0.983051	        -13010.7	         12367.2	        -643.546
     854	 2.01321	0.976874	        -13020.7	         12377.1	         -643.61
     855	 2.01275	0.977253	        -13017.8	         12374.3	        -643.468
     856	 2.01056	0.983194	        -13004.1	         12360.8	        -643.244
     857	  2.0073	0.992762	        -12983.8	         12340.9	        -642.974
     858	 2.00386	 1.00344	        -12962.3	         12319.7	        -642.607
     859	 2.00125	 1.01214	          -12946	         12303.7	        -642.299
     860	 2.00028	 1.01639	        -12940.1	         12297.7	        -642.385
     861	 2.00085	  1.0164	          -12944	         12301.2	        -642.855
     862	 2.00203	 1.01491	        -12951.8	         12308.5	         -643.31
     863	 2.00285	  1.0148	          -12957	         12313.5	        -643.507
     864	 2.00283	 1.01741	        -12956.9	         12313.4	        -643.533
     865	  2.0019	 1.02287	        -12951.1	         12307.6	        -643.473
     866	 2.00021	 1.03071	        -12940.6	         12297.3	        -643.348
     867	 1.99812	 1.03986	        -12927.5	         12284.4	        -643.038
     868	 1.99634	 1.04816	        -12916.1	         12273.5	        -642.636
     869	 1.99568	 1.05302	        -12911.9	         12269.4	        -642.497
     870	 1.99641	 1.05358	        -12916.7	         12273.9	        -642.729
     871	 1.99799	 1.05141	        -12926.7	         12283.6	        -643.082
     872	 1.99953	 1.04904	        -12936.5	         12293.1	        -643.338
     873	 2.00038	 1.04841	        -12941.7	         12298.3	        -643.414
     874	 2.00029	 1.05022	        -12941.1	         12297.7	        -643.311
     875	 1.99947	 1.05386	        -12935.8	         12292.7	        -643.126
     876	 1.99834	 1.05816	        -12928.8	         12285.8	        -642.999
     877	 1.99717	  1.0623	        -12921.7	         12278.6	        -643.061
     878	 1.99583	 1.06666	        -12913.7	         12270.4	        -643.258
     879	 1.99396	 1.07236	        -12902.2	         12258.9	        -643.316
     880	 1.99146	 1.07959	        -12886.6	         12243.5	        -643.097
     881	 1.98885	 1.08678	        -12870.2	         12227.5	        -642.773
     882	 1.98688	 1.09161	        -12857.9	         12215.4	        -642.576
     883	 1.98606	 1.09256	        -12852.9	         12210.3	        -642.561
     884	 1.98648	 1.08937	        -12855.6	         12212.9	        -642.694
     885	 1.98786	 1.08286	        -12864.3	         12221.4	        -642.918
     886	 1.98972	  1.0745	        -12875.9	         12232.8	        -643.103
     887	 1.99171	 1.06547	        -12888.2	         12245.1	        -643.101
     888	 1.99384	 1.05585	        -12901.1	         12258.1	        -643.005
     889	 1.99624	 1.04531	          -12916	         12272.9	        -643.105
     890	 1.99868	 1.03464	        -12931.2	         12287.9	        -643.301
     891	 2.00076	 1.02526	        -12943.9	         12300.6	        -643.316
     892	 2.00235	 1.01755	        -12953.6	         12310.4	        -643.177
     893	 2.00367	 1.01097	        -12961.7	         12318.6	        -643.101
     894	  2.0048	 1.00531	        -12968.7	         12325.5	        -643.199
     895	 2.00547	 1.00135	        -12972.9	         12329.6	        -643.311
     896	 2.00542	0.999868	        -12972.6	         12329.3	        -643.261
     897	 2.00474	 1.00058	        -12968.1	         12325.1	         -643.06
     898	 2.00383	 1.00215	        -12962.4	         12319.5	        -642.833
     899	  2.0032	 1.00307	        -12958.4	         12315.7	        -642.734
     900	 2.00308	 1.00261	        -12957.7	         12314.9	        -642.798
     901	 2.00336	 1.00108	        -12959.5	         12316.6	        -642.895
     902	 2.00383	  0.9991	        -12962.5	         12319.5	        -642.985
     903	 2.00426	0.997317	        -12965.3	         12322.2	        -643.101
     904	 2.00439	0.996512	        -12966.2	           12323	        -643.197
     905	 2.00402	 0.99732	        -12963.9	         12320.7	        -643.224
     906	  2.0031	0.999894	        -12958.2	           12315	        -643.142
     907	 2.00183	 1.00364	        -12950.1	         12307.2	        -642.944
     908	 2.00063	 1.00722	        -12942.6	         12299.9	        -642.738
     909	 1.99996	 1.00929	        -12938.4	         12295.8	        -642.625
     910	 2.00009	  1.0091	        -12939.1	         12296.5	        -642.602
     911	 2.00102	 1.00659	        -12944.9	         12302.2	        -642.686
     912	  2.0025	 1.00256	        -12954.2	         12311.3	        -642.929
     913	 2.00395	0.998771	        -12963.5	         12320.2	        -643.257
     914	 2.00463	 0.99748	          -12968	         12324.5	        -643.521
     915	   2.004	  1.0004	        -12964.2	         12320.5	        -643.623
     916	  2.0019	 1.00799	        -12951.2	         12307.7	        -643.502
     917	 1.99877	 1.01905	        -12931.6	         12288.4	        -643.205
     918	 1.99538	  1.0312	        -12910.6	         12267.6	        -642.969
     919	 1.99241	 1.04239	        -12892.3	         12249.4	        -642.906
     920	 1.99016	 1.05171	        -12878.4	         12235.5	        -642.891
     921	  1.9887	 1.05878	        -12869.5	         12226.6	        -642.921
     922	 1.98794	 1.06373	          -12865	         12221.9	        -643.052
     923	 1.98757	 1.06734	        -12862.9	         12219.6	        -643.229
     924	 1.98716	 1.07075	        -12860.5	         12217.1	        -643.388
     925	 1.98636	 1.07488	        -12855.6	         12212.2	        -643.438
     926	 1.98512	 1.07982	        -12847.9	         12204.6	        -643.315
     927	 1.98378	 1.08451	        -12839.4	         12196.3	        -643.081
     928	 1.98296	 1.08716	        -12834.1	         12191.3	        -642.856
     929	 1.98324	 1.08609	        -12835.7	           12193	        -642.681
     930	 1.98505	 1.08017	        -12846.8	         12204.2	        -642.661
     931	 1.98834	  1.0696	        -12867.3	         12224.4	        -642.948
     932	 1.99238	 1.05666	        -12892.6	         12249.1	        -643.434
     933	 1.99596	   1.045	          -12915	         12271.2	        -643.842
     934	 1.99808	 1.03777	        -12928.1	         12284.2	        -643.946
     935	 1.99838	 1.03605	        -12929.8	         12286.1	        -643.763
     936	  1.9972	 1.03891	        -12922.3	         12278.8	        -643.504
     937	 1.99514	 1.04462	        -12909.4	         12266.1	        -643.297
     938	 1.99277	 1.05153	        -12894.7	         12251.6	        -643.107
     939	 1.99061	 1.05811	        -12881.2	         12238.3	        -642.949
     940	 1.98904	 1.06317	        -12871.6	         12228.6	        -642.933
     941	 1.98812	 1.06651	          -12866	           12223	        -643.053
     942	 1.98758	 1.06888	        -12862.9	         12219.7	        -643.205
     943	 1.98706	 1.07128	        -12859.8	         12216.5	        -643.277
     944	  1.9864	 1.07419	        -12855.6	         12212.4	        -643.215
     945	 1.98569	 1.07724	        -12851.2	         12208.1	        -643.117
     946	 1.98513	 1.07979	        -12847.8	         12204.6	        -643.135
     947	 1.98469	 1.08188	        -12845.2	         12201.9	        -643.265
     948	 1.98414	 1.08414	        -12841.9	         12198.5	        -643.332
     949	 1.98337	 1.08681	        -12837.1	         12193.8	        -643.258
     950	 1.98256	 1.08924	          -12832	         12188.8	        -643.109
     951	 1.98209	  1.0903	        -12828.9	         12185.9	         -642.93
     952	 1.98238	 1.08871	        -12830.5	         12187.7	        -642.784
     953	 1.98371	 1.08361	        -12838.7	         12195.9	        -642.781
     954	 1.98603	  1.0752	        -12853.1	         12210.2	        -642.906
     955	 1.98899	 1.06467	        -12871.4	         12228.4	         -643.05
     956	 1.99211	 1.05349	        -12890.7	         12247.5	        -643.186
     957	 1.99492	 1.04314	        -12908.1	         12264.8	        -643.298
     958	 1.99706	 1.03482	        -12921.2	         12277.9	        -643.301
     959	 1.99838	 1.02899	        -12929.3	         12286.1	        -643.228
     960	 1.99896	 1.02546	        -12932.8	         12289.6	        -643.214
     961	 1.99881	 1.02421	        -12931.9	         12288.7	        -643.255
     962	 1.99789	 1.02529	        -12926.3	           12283	         -643.23
     963	 1.99637	 1.02819	        -12916.8	         12273.7	        -643.059
     964	 1.99477	 1.03134	        -12906.6	         12263.9	        -642.774
     965	 1.99384	 1.03246	        -12900.7	         12258.1	        -642.548
     966	 1.99415	 1.02982	        -12902.5	           12260	        -642.522
     967	 1.99577	 1.02318	        -12912.7	           12270	        -642.682
     968	 1.99827	 1.01381	        -12928.3	         12285.4	        -642.956
     969	 2.00092	 1.00393	        -12944.9	         12301.6	        -643.209
     970	   2.003	0.995671	        -12957.8	         12314.4	        -643.346
     971	 2.00408	0.990376	        -12964.4	         12321.1	        -643.339
     972	 2.00411	0.988216	        -12964.4	         12321.2	        -643.184
     973	 2.00344	0.988187	        -12960.1	         12317.1	         -642.94
     974	 2.00267	 0.98854	        -12955.1	         12312.4	         -642.72
     975	 2.00234	0.987625	          -12953	         12310.4	        -642.661
     976	 2.00264	0.984842	          -12955	         12312.2	        -642.808
     977	 2.00333	0.980906	        -12959.5	         12316.5	        -642.996
     978	 2.00409	0.976859	        -12964.1	         12321.1	        -643.017
     979	 2.00487	0.972853	        -12968.8	         12325.9	        -642.915
     980	 2.00583	0.968489	        -12974.8	         12331.8	        -642.976
     981	 2.00677	 0.96444	        -12980.8	         12337.6	        -643.233
     982	 2.00711	0.962562	          -12983	         12339.6	        -643.375
     983	 2.00644	0.964033	        -12978.9	         12335.6	          -643.3
     984	 2.00485	0.968566	          -12969	         12325.8	        -643.153
     985	 2.00267	0.975148	        -12955.4	         12312.4	        -643.003
     986	 2.00029	0.982529	        -12940.6	         12297.8	         -642.81
     987	 1.99823	0.989127	        -12927.7	         12285.1	        -642.621
     988	 1.99695	0.993427	        -12919.8	         12277.3	        -642.587
     989	  1.9966	0.994914	        -12917.8	         12275.1	         -642.75
     990	 1.99692	0.994289	          -12920	         12277.1	        -642.901
     991	 1.99768	0.992266	        -12924.6	         12281.7	         -642.86
     992	 1.99898	0.988559	        -12932.5	         12289.7	        -642.762
     993	 2.00097	  0.9827	        -12944.8	           12302	        -642.863
     994	  2.0034	0.975555	        -12960.1	         12316.9	        -643.169
     995	 2.00556	0.969346	        -12973.6	         12330.1	        -643.447
     996	 2.00674	0.966197	        -12980.9	         12337.4	        -643.543
     997	 2.00664	0.967028	        -12980.2	         12336.8	        -643.454
     998	 2.00545	0.971344	        -12972.6	         12329.5	        -643.167
     999	 2.00384	0.977188	        -12962.3	         12319.6	        -642.739
