    Step 	 temperature 	 pressure 	 Potential Energy 	 Kinetic Energy 	 Sum Energy

       0	 2.17641	-1.53422	        -1165.41	         1125.12	        -40.2938
       1	 2.17648	-1.53103	        -1165.45	         1125.15	         -40.296
       2	 2.17664	-1.52129	        -1165.54	         1125.23	        -40.3036
       3	  2.1767	-1.50445	        -1165.58	         1125.26	        -40.3174
       4	 2.17634	-1.47953	        -1165.42	         1125.08	        -40.3387
       5	 2.17505	  -1.445	        -1164.79	         1124.42	        -40.3697
       6	 2.17211	-1.39874	        -1163.32	          1122.9	         -40.413
       7	 2.16649	-1.33786	        -1160.49	         1120.01	        -40.4711
       8	 2.15689	 -1.2587	        -1155.62	         1115.07	        -40.5443
       9	 2.14169	-1.15697	        -1147.88	         1107.25	        -40.6264
      10	 2.11928	 -1.0285	        -1136.42	         1095.72	        -40.6981
      11	 2.08857	-0.870901	        -1120.65	         1079.92	        -40.7263
      12	 2.04989	-0.686071	        -1100.71	         1060.02	         -40.686
      13	 2.00545	-0.481707	        -1077.75	         1037.16	        -40.5932
      14	 1.95886	-0.269742	        -1053.67	         1013.19	        -40.4874
      15	 1.91408	-0.0630688	        -1030.53	         990.147	        -40.3856
      16	 1.87474	0.126406	        -1010.21	         969.908	        -40.3046
      17	 1.84356	0.289507	        -994.138	         953.865	        -40.2728
      18	 1.82167	0.421927	        -982.895	         942.605	        -40.2902
      19	 1.80869	0.524219	        -976.249	         935.924	        -40.3252
      20	 1.80346	0.599391	        -973.583	         933.232	        -40.3509
      21	 1.80485	0.650629	        -974.315	         933.951	        -40.3644
      22	 1.81196	0.680732	        -977.985	         937.607	        -40.3786
      23	 1.82382	0.692793	        -984.117	         943.711	        -40.4058
      24	 1.83919	0.690962	        -992.068	         951.619	        -40.4496
      25	 1.85643	0.680607	        -1000.99	         960.485	        -40.5046
      26	 1.87365	0.667781	        -1009.91	         969.349	        -40.5603
      27	  1.8891	0.658258	         -1017.9	         977.298	        -40.6038
      28	 1.90146	0.656413	        -1024.28	         983.654	        -40.6232
      29	 1.91019	 0.66422	        -1028.76	         988.148	        -40.6118
      30	 1.91572	0.680801	        -1031.57	         990.991	        -40.5763
      31	 1.91916	0.703059	         -1033.3	         992.764	        -40.5406
      32	 1.92169	0.727649	         -1034.6	         994.064	        -40.5366
      33	 1.92369	0.753406	        -1035.67	         995.093	        -40.5783
      34	 1.92448	0.782284	        -1036.14	         995.497	        -40.6415
      35	 1.92297	0.817381	        -1035.39	         994.723	        -40.6722
      36	 1.91913	0.858811	        -1033.37	         992.746	        -40.6249
      37	 1.91491	0.900704	         -1031.1	         990.573	        -40.5268
      38	 1.91331	0.933892	        -1030.23	          989.75	        -40.4802
      39	 1.91587	0.953645	         -1031.6	          991.07	        -40.5295
      40	 1.92155	 0.96316	         -1034.6	         993.992	        -40.6124
      41	 1.92801	0.969306	        -1037.99	         997.313	        -40.6731
      42	 1.93324	0.977929	         -1040.7	         1000.01	        -40.6952
      43	 1.93634	0.991848	        -1042.27	          1001.6	        -40.6712
      44	 1.93769	 1.01009	        -1042.91	         1002.29	        -40.6147
      45	 1.93861	 1.02892	        -1043.33	         1002.77	        -40.5625
      46	 1.94037	  1.0447	        -1044.23	         1003.67	        -40.5504
      47	 1.94324	 1.05663	        -1045.74	         1005.15	        -40.5843
      48	 1.94634	 1.06727	        -1047.38	         1006.75	        -40.6356
      49	 1.94835	 1.08041	        -1048.45	         1007.78	        -40.6689
      50	 1.94841	 1.09833	        -1048.48	         1007.81	        -40.6674
      51	  1.9467	 1.12033	        -1047.56	         1006.93	        -40.6317
      52	 1.94438	 1.14281	        -1046.31	         1005.74	        -40.5741
      53	 1.94321	 1.16041	        -1045.66	         1005.14	        -40.5243
      54	 1.94465	 1.16868	         -1046.4	         1005.88	        -40.5256
      55	 1.94873	 1.16742	        -1048.57	         1007.98	        -40.5947
      56	 1.95371	 1.16174	        -1051.23	         1010.54	        -40.6947
      57	 1.95701	 1.15916	        -1053.01	         1012.24	        -40.7674
      58	 1.95685	 1.16486	        -1052.93	         1012.15	         -40.772
      59	 1.95338	 1.17824	        -1051.06	         1010.37	        -40.6942
      60	 1.94907	 1.19193	         -1048.7	         1008.15	        -40.5525
      61	 1.94805	 1.19377	        -1048.04	         1007.63	        -40.4104
      62	 1.95424	  1.1723	        -1051.16	         1010.81	        -40.3527
      63	 1.96912	 1.12343	        -1058.87	         1018.47	        -40.4066
      64	 1.99112	 1.05259	         -1070.3	         1029.78	        -40.5163
      65	 2.01685	0.970531	        -1083.64	         1043.02	        -40.6194
      66	 2.04281	0.888329	        -1097.08	         1056.38	        -40.6993
      67	 2.06608	0.815326	        -1109.11	         1068.35	        -40.7626
      68	 2.08432	0.759066	        -1118.55	         1077.74	        -40.8116
      69	 2.09581	0.725173	        -1124.49	         1083.65	        -40.8456
      70	 2.09946	 0.71709	         -1126.4	         1085.53	        -40.8713
      71	 2.09476	0.736248	        -1123.99	         1083.11	        -40.8871
      72	  2.0821	0.781344	        -1117.43	          1076.6	        -40.8295
      73	 2.06446	0.843756	        -1108.14	         1067.52	         -40.623
      74	 2.04811	0.904254	        -1099.53	         1059.11	        -40.4215
      75	 2.03836	0.945937	        -1094.56	         1054.09	        -40.4694
      76	 2.03444	   0.971	        -1092.71	         1052.07	        -40.6327
      77	 2.03202	0.992142	        -1091.54	         1050.83	        -40.7077
      78	 2.02834	 1.01693	        -1089.61	         1048.93	        -40.6796
      79	 2.02342	 1.04491	        -1087.01	          1046.4	        -40.6131
      80	 2.01848	 1.07219	        -1084.45	         1043.86	        -40.5864
      81	 2.01398	 1.09725	        -1082.17	         1041.55	        -40.6245
      82	 2.00897	 1.12281	        -1079.64	         1038.97	        -40.6737
      83	  2.0023	 1.15211	        -1076.21	         1035.54	        -40.6751
      84	 1.99406	 1.18464	        -1071.92	          1031.3	        -40.6255
      85	 1.98571	 1.21582	        -1067.56	            1027	        -40.5614
      86	 1.97913	 1.23985	        -1064.13	         1023.61	        -40.5166
      87	 1.97567	 1.25254	        -1062.34	         1021.83	          -40.51
      88	 1.97558	 1.25295	        -1062.33	         1021.79	        -40.5411
      89	 1.97808	 1.24329	        -1063.66	         1023.08	         -40.584
      90	 1.98203	 1.22699	        -1065.72	         1025.11	        -40.6134
      91	 1.98657	 1.20657	        -1068.07	         1027.44	        -40.6223
      92	 1.99146	 1.18298	        -1070.57	         1029.96	         -40.611
      93	 1.99703	 1.15552	        -1073.41	         1032.83	         -40.586
      94	 2.00393	 1.12261	        -1076.95	         1036.38	        -40.5734
      95	 2.01239	 1.08379	        -1081.33	         1040.73	        -40.5995
      96	 2.02166	 1.04163	        -1086.15	          1045.5	        -40.6563
      97	 2.03014	 1.00107	        -1090.58	         1049.86	        -40.7157
      98	 2.03622	 0.96712	        -1093.74	         1052.99	        -40.7496
      99	 2.03914	0.942341	        -1095.21	         1054.49	        -40.7231
     100	 2.03986	0.924259	        -1095.49	         1054.86	        -40.6246
     101	 2.04105	0.905175	           -1096	         1055.47	        -40.5291
     102	 2.04507	0.878134	        -1098.07	         1057.54	        -40.5286
     103	 2.05191	0.843455	        -1101.65	         1061.06	        -40.5867
     104	 2.05988	0.806438	        -1105.78	         1065.16	        -40.6222
     105	 2.06756	0.771408	        -1109.74	         1069.11	         -40.628
     106	  2.0743	0.740438	        -1113.21	         1072.58	        -40.6319
     107	 2.07971	0.714972	        -1116.01	         1075.36	        -40.6446
     108	 2.08334	0.696685	         -1117.9	         1077.23	        -40.6654
     109	 2.08457	0.687519	        -1118.56	         1077.87	        -40.6966
     110	 2.08275	0.689613	        -1117.64	         1076.93	        -40.7152
     111	 2.07783	0.703346	        -1115.07	          1074.4	        -40.6666
     112	  2.0714	0.724074	        -1111.68	         1071.09	        -40.5873
     113	 2.06539	0.745578	        -1108.59	         1067.99	        -40.5997
     114	  2.0596	0.768253	        -1105.68	         1065.02	        -40.6591
     115	 2.05269	0.796135	         -1102.1	         1061.46	         -40.644
     116	  2.0448	0.828294	        -1097.97	          1057.4	        -40.5644
     117	  2.0378	0.858845	         -1094.3	          1053.8	        -40.4963
     118	 2.03341	0.882487	        -1092.03	         1051.55	        -40.4877
     119	 2.03189	0.898432	         -1091.3	         1050.76	        -40.5379
     120	 2.03187	 0.91057	        -1091.37	         1050.75	        -40.6157
     121	 2.03124	0.925054	        -1091.11	         1050.43	        -40.6878
     122	 2.02801	0.947495	         -1089.5	         1048.77	        -40.7353
     123	 2.02097	0.981182	         -1085.9	         1045.15	        -40.7559
     124	 2.00981	 1.02665	        -1080.16	          1039.4	        -40.7568
     125	 1.99499	 1.08205	        -1072.52	         1031.77	         -40.741
     126	  1.9777	 1.14333	        -1063.57	         1022.88	        -40.6924
     127	 1.96029	 1.20328	        -1054.51	         1013.92	        -40.5873
     128	 1.94649	 1.25057	        -1047.28	         1006.83	         -40.455
     129	 1.94034	 1.27303	        -1044.06	         1003.66	        -40.3985
     130	  1.9435	 1.26563	        -1045.75	         1005.28	        -40.4692
     131	 1.95399	  1.2345	        -1051.29	         1010.68	        -40.6132
     132	 1.96752	 1.19264	        -1058.37	         1017.64	        -40.7299
     133	 1.98029	 1.15171	        -1064.96	         1024.21	        -40.7513
     134	 1.99081	 1.11635	        -1070.33	         1029.63	        -40.7065
     135	 1.99949	 1.08574	        -1074.76	         1034.09	        -40.6726
     136	 2.00673	 1.05905	         -1078.5	         1037.82	         -40.685
     137	 2.01205	 1.03816	        -1081.27	         1040.55	        -40.7158
     138	 2.01458	 1.02592	        -1082.59	         1041.86	         -40.731
     139	 2.01387	 1.02377	        -1082.22	         1041.49	        -40.7332
     140	  2.0099	 1.03171	        -1080.18	         1039.45	        -40.7365
     141	 2.00283	 1.04919	        -1076.54	         1035.81	        -40.7285
     142	 1.99331	 1.07427	        -1071.61	         1030.91	        -40.6927
     143	  1.9827	 1.10268	         -1066.1	         1025.45	        -40.6473
     144	 1.97265	  1.1292	         -1060.9	         1020.28	        -40.6213
     145	 1.96449	 1.14984	        -1056.69	         1016.08	         -40.607
     146	 1.95914	 1.16176	        -1053.93	         1013.33	         -40.596
     147	 1.95708	  1.1633	        -1052.89	         1012.27	        -40.6203
     148	 1.95778	 1.15596	         -1053.3	         1012.63	        -40.6633
     149	 1.96018	 1.14304	        -1054.54	         1013.87	        -40.6673
     150	 1.96395	 1.12561	        -1056.44	          1015.8	        -40.6402
     151	  1.9693	 1.10296	        -1059.21	         1018.56	        -40.6522
     152	 1.97545	 1.07753	        -1062.46	         1021.72	        -40.7416
     153	 1.97976	 1.05728	        -1064.78	         1023.94	        -40.8434
     154	 1.97944	 1.05077	        -1064.64	         1023.77	         -40.861
     155	 1.97397	 1.05967	        -1061.73	         1020.96	        -40.7669
     156	 1.96589	 1.07656	        -1057.41	          1016.8	        -40.6116
     157	 1.95946	 1.08894	        -1053.98	          1013.5	        -40.4873
     158	 1.95813	 1.08672	        -1053.28	         1012.81	        -40.4694
     159	  1.9624	 1.06838	        -1055.57	         1015.01	        -40.5653
     160	 1.96968	 1.04166	        -1059.46	         1018.75	        -40.7041
     161	 1.97608	 1.01802	        -1062.85	         1022.05	        -40.7978
     162	 1.97882	 1.00564	        -1064.27	         1023.45	        -40.8139
     163	  1.9773	 1.00623	        -1063.43	         1022.67	        -40.7616
     164	  1.9731	 1.01532	        -1061.16	         1020.51	        -40.6529
     165	  1.9694	 1.02377	        -1059.14	         1018.61	        -40.5304
     166	  1.9695	  1.0219	        -1059.15	         1018.66	         -40.492
     167	 1.97421	  1.0071	        -1061.67	         1021.09	        -40.5868
     168	 1.98094	0.987195	        -1065.27	         1024.55	        -40.7209
     169	 1.98586	0.973447	        -1067.86	         1027.08	        -40.7827
     170	 1.98682	0.971904	        -1068.33	         1027.57	          -40.76
     171	 1.98406	0.981603	        -1066.85	         1026.15	        -40.6973
     172	 1.97927	0.997521	        -1064.32	         1023.69	        -40.6266
     173	 1.97466	 1.01325	        -1061.87	         1021.32	        -40.5549
     174	 1.97245	 1.02234	        -1060.69	         1020.18	        -40.5134
     175	 1.97378	 1.02126	        -1061.43	         1020.86	        -40.5618
     176	 1.97746	 1.01352	        -1063.44	         1022.76	        -40.6861
     177	 1.98036	 1.00835	        -1065.05	         1024.25	        -40.8028
     178	 1.97964	 1.01404	        -1064.71	         1023.88	        -40.8367
     179	 1.97511	 1.03139	        -1062.27	         1021.55	        -40.7274
     180	 1.97036	 1.04988	        -1059.65	          1019.1	        -40.5504
     181	 1.97001	 1.05513	        -1059.48	         1018.92	        -40.5597
     182	 1.97415	 1.04678	        -1061.79	         1021.05	        -40.7392
     183	 1.97865	 1.03749	         -1064.2	         1023.37	        -40.8298
     184	 1.98086	 1.03479	        -1065.28	         1024.51	        -40.7732
     185	  1.9817	  1.0355	        -1065.63	         1024.94	        -40.6862
     186	 1.98312	 1.03371	        -1066.34	         1025.67	         -40.673
     187	 1.98551	 1.02857	        -1067.61	          1026.9	        -40.7134
     188	  1.9878	 1.02355	        -1068.83	         1028.08	        -40.7496
     189	 1.98875	 1.02241	        -1069.35	         1028.57	        -40.7836
     190	 1.98716	 1.02881	        -1068.57	         1027.75	        -40.8182
     191	 1.98199	 1.04597	        -1065.91	         1025.09	        -40.8211
     192	 1.97309	 1.07436	         -1061.3	         1020.51	        -40.7873
     193	 1.96139	 1.11121	        -1055.24	         1014.49	        -40.7476
     194	 1.94821	 1.15247	        -1048.42	         1007.71	        -40.7119
     195	 1.93506	 1.19369	        -1041.59	         1000.94	        -40.6534
     196	 1.92399	 1.22864	        -1035.83	         995.248	        -40.5781
     197	 1.91721	 1.25043	        -1032.31	         991.757	          -40.55
     198	 1.91556	 1.25612	         -1031.5	         990.912	        -40.5868
     199	  1.9182	 1.24812	         -1032.9	         992.267	        -40.6314
     200	 1.92376	 1.23021	        -1035.77	         995.128	        -40.6463
     201	 1.93144	  1.2046	        -1039.72	         999.078	        -40.6445
     202	 1.94082	  1.1725	        -1044.55	          1003.9	        -40.6512
     203	 1.95131	 1.13577	        -1049.98	          1009.3	        -40.6726
     204	 1.96205	 1.09727	        -1055.52	         1014.83	        -40.6869
     205	 1.97243	 1.05922	        -1060.83	         1020.17	        -40.6639
     206	  1.9828	   1.021	        -1066.11	          1025.5	        -40.6103
     207	 1.99417	0.979949	        -1071.94	         1031.35	        -40.5833
     208	 2.00686	0.935404	         -1078.5	         1037.88	        -40.6192
     209	 2.01969	0.891323	        -1085.17	         1044.48	        -40.6838
     210	 2.03068	0.853898	        -1090.87	         1050.14	         -40.732
     211	 2.03826	0.828055	        -1094.79	         1054.04	        -40.7518
     212	 2.04169	 0.81614	        -1096.55	          1055.8	        -40.7469
     213	 2.04113	0.817974	        -1096.24	         1055.52	        -40.7194
     214	 2.03748	0.831132	        -1094.31	         1053.64	        -40.6782
     215	 2.03202	0.851906	        -1091.48	         1050.83	         -40.656
     216	 2.02551	0.877965	        -1088.18	         1047.48	        -40.6977
     217	 2.01711	0.911539	        -1083.96	         1043.16	        -40.8049
     218	  2.0045	0.959187	        -1077.58	         1036.67	        -40.9109
     219	 1.98559	 1.02659	        -1067.87	         1026.94	        -40.9335
     220	 1.96073	  1.1122	        -1054.98	         1014.15	        -40.8293
     221	 1.93368	 1.20424	        -1040.88	         1000.23	        -40.6457
     222	    1.91	 1.28531	        -1028.58	         988.046	        -40.5332
     223	 1.89349	 1.34352	        -1020.08	         979.552	        -40.5319
     224	 1.88511	   1.376	        -1015.77	         975.244	        -40.5298
     225	 1.88512	 1.38191	        -1015.74	         975.247	        -40.4952
     226	 1.89388	 1.35999	        -1020.26	         979.756	        -40.5016
     227	 1.91037	 1.31343	        -1028.84	         988.239	        -40.6054
     228	 1.93102	 1.25329	        -1039.62	         998.866	         -40.751
     229	  1.9511	 1.19419	        -1050.05	         1009.19	        -40.8567
     230	 1.96679	 1.14771	        -1058.17	         1017.26	        -40.9022
     231	 1.97609	 1.12004	        -1062.95	         1022.05	        -40.9016
     232	  1.9786	  1.1126	        -1064.21	         1023.35	        -40.8659
     233	 1.97525	 1.12284	        -1062.41	         1021.62	        -40.7939
     234	 1.96813	 1.14459	        -1058.65	         1017.96	        -40.6941
     235	  1.9601	 1.16923	        -1054.43	         1013.83	        -40.6092
     236	 1.95358	  1.1893	        -1051.06	         1010.47	        -40.5907
     237	 1.94928	 1.20238	         -1048.9	         1008.26	        -40.6386
     238	 1.94624	 1.21109	        -1047.39	          1006.7	        -40.6912
     239	 1.94336	 1.21856	         -1045.9	         1005.21	        -40.6859
     240	 1.94094	 1.22379	        -1044.59	         1003.97	        -40.6262
     241	 1.94054	 1.22198	        -1044.34	         1003.76	        -40.5802
     242	 1.94343	 1.20939	        -1045.84	         1005.25	        -40.5901
     243	 1.94945	 1.18665	        -1048.98	         1008.34	        -40.6358
     244	 1.95726	 1.15775	        -1053.07	         1012.36	        -40.7035
     245	 1.96478	 1.12881	        -1057.01	         1016.23	        -40.7757
     246	 1.96989	 1.10624	        -1059.67	         1018.86	        -40.8039
     247	 1.97164	 1.09307	        -1060.53	         1019.76	        -40.7652
     248	 1.97085	 1.08697	        -1060.04	         1019.36	        -40.6777
     249	 1.96978	 1.08161	        -1059.39	         1018.81	         -40.578
     250	 1.97101	  1.0697	        -1059.95	         1019.44	        -40.5085
     251	 1.97625	 1.04651	        -1062.63	         1022.13	        -40.5006
     252	  1.9855	  1.0124	        -1067.45	         1026.89	        -40.5584
     253	 1.99693	0.973146	        -1073.43	         1032.77	        -40.6544
     254	 2.00767	0.937582	        -1079.05	          1038.3	        -40.7463
     255	 2.01498	0.914091	        -1082.87	         1042.06	        -40.8025
     256	  2.0172	0.907812	        -1084.01	          1043.2	        -40.8105
     257	 2.01414	0.919406	         -1082.4	         1041.63	        -40.7717
     258	 2.00703	0.945217	        -1078.68	         1037.97	        -40.7082
     259	 1.99783	0.979257	         -1073.9	         1033.24	        -40.6645
     260	 1.98802	 1.01668	        -1068.85	         1028.19	        -40.6605
     261	  1.9782	 1.05533	        -1063.79	         1023.14	        -40.6556
     262	 1.96891	 1.09322	        -1058.97	         1018.36	        -40.6141
     263	 1.96127	  1.1264	        -1055.01	         1014.43	        -40.5845
     264	 1.95589	 1.15239	        -1052.29	         1011.66	         -40.631
     265	  1.9516	 1.17436	        -1050.18	         1009.45	        -40.7248
     266	 1.94611	 1.19887	        -1047.42	         1006.63	        -40.7876
     267	 1.93802	  1.2298	        -1043.24	         1002.47	        -40.7685
     268	 1.92829	 1.26409	        -1038.12	         997.459	        -40.6584
     269	 1.92035	 1.29146	        -1033.88	         993.373	        -40.5082
     270	  1.9185	 1.29901	        -1032.84	         992.419	        -40.4212
     271	  1.9252	 1.27945	        -1036.32	         995.871	        -40.4504
     272	 1.93972	 1.23542	        -1043.89	         1003.34	        -40.5496
     273	 1.95903	 1.17622	        -1053.93	         1013.28	        -40.6568
     274	 1.97961	 1.11277	         -1064.6	         1023.86	        -40.7409
     275	 1.99846	 1.05446	        -1074.35	         1033.56	        -40.7926
     276	 2.01353	 1.00789	        -1082.13	         1041.31	         -40.817
     277	 2.02364	0.976969	        -1087.34	         1046.52	         -40.823
     278	 2.02837	0.963333	        -1089.76	         1048.95	        -40.8111
     279	 2.02797	0.966399	        -1089.53	         1048.74	        -40.7807
     280	 2.02338	 0.98342	        -1087.12	         1046.38	        -40.7411
     281	 2.01591	 1.01031	        -1083.25	         1042.54	        -40.7089
     282	 2.00681	 1.04301	        -1078.55	         1037.86	        -40.6932
     283	 1.99704	 1.07833	        -1073.52	         1032.83	        -40.6828
     284	 1.98751	 1.11324	        -1068.58	         1027.93	        -40.6472
     285	 1.97977	 1.14297	        -1064.51	         1023.95	        -40.5687
     286	 1.97622	 1.16018	         -1062.6	         1022.12	        -40.4842
     287	 1.97899	 1.15831	        -1064.02	         1023.54	        -40.4727
     288	 1.98803	 1.13738	        -1068.76	          1028.2	        -40.5648
     289	 2.00042	 1.10603	        -1075.27	         1034.57	        -40.6949
     290	 2.01209	 1.07635	        -1081.35	         1040.58	        -40.7784
     291	 2.02009	 1.05709	        -1085.48	         1044.69	        -40.7913
     292	 2.02343	 1.05116	        -1087.17	         1046.41	        -40.7661
     293	 2.02241	 1.05765	        -1086.62	         1045.88	          -40.74
     294	 2.01778	 1.07446	        -1084.21	          1043.5	        -40.7103
     295	 2.01064	 1.09846	        -1080.49	         1039.83	        -40.6592
     296	 2.00259	 1.12476	         -1076.3	         1035.69	        -40.6139
     297	 1.99502	  1.1489	        -1072.41	         1031.79	        -40.6157
     298	 1.98831	 1.16969	        -1068.97	         1028.34	        -40.6324
     299	 1.98258	  1.1868	        -1065.98	         1025.39	        -40.5864
     300	 1.97934	 1.19572	        -1064.22	         1023.72	        -40.4942
     301	 1.98079	  1.1896	        -1064.96	         1024.47	         -40.483
     302	 1.98709	 1.16801	        -1068.29	         1027.71	        -40.5754
     303	 1.99578	  1.1386	        -1072.85	         1032.18	        -40.6655
     304	 2.00408	 1.10965	        -1077.16	         1036.45	        -40.7059
     305	 2.01045	  1.0858	        -1080.44	         1039.73	        -40.7127
     306	 2.01448	 1.06845	         -1082.5	          1041.8	         -40.693
     307	 2.01669	 1.05634	        -1083.58	         1042.94	        -40.6453
     308	 2.01839	 1.04577	         -1084.4	         1043.82	        -40.5891
     309	  2.0211	 1.03234	        -1085.77	         1045.21	        -40.5609
     310	  2.0256	 1.01385	         -1088.1	         1047.52	        -40.5742
     311	 2.03154	0.991412	        -1091.19	         1050.58	        -40.6076
     312	 2.03795	0.968036	        -1094.51	         1053.88	        -40.6359
     313	 2.04385	 0.94662	        -1097.56	         1056.91	         -40.648
     314	 2.04869	0.928863	        -1100.04	          1059.4	        -40.6425
     315	  2.0524	0.915026	        -1101.94	         1061.32	        -40.6272
     316	 2.05526	0.904439	         -1103.4	         1062.78	        -40.6133
     317	 2.05754	0.896332	        -1104.56	         1063.96	         -40.606
     318	 2.05944	0.890288	        -1105.54	         1064.94	        -40.6054
     319	 2.06098	0.886361	        -1106.34	         1065.73	        -40.6133
     320	 2.06196	 0.88526	        -1106.87	         1066.23	        -40.6336
     321	 2.06187	0.888612	        -1106.85	         1066.18	        -40.6675
     322	 2.05983	 0.89898	        -1105.85	         1065.14	        -40.7094
     323	 2.05485	0.919298	        -1103.32	         1062.57	         -40.748
     324	 2.04609	0.951845	        -1098.84	         1058.07	        -40.7713
     325	 2.03329	0.997181	        -1092.25	         1051.48	        -40.7681
     326	 2.01703	 1.05329	        -1083.86	         1043.12	        -40.7381
     327	 1.99867	 1.11574	        -1074.37	         1033.67	        -40.7047
     328	 1.97971	 1.17964	        -1064.61	         1023.91	        -40.6913
     329	 1.96124	 1.24137	         -1055.1	         1014.41	        -40.6845
     330	 1.94422	 1.29784	        -1046.31	         1005.66	        -40.6538
     331	 1.93018	 1.34439	        -1039.01	          998.43	        -40.5808
     332	 1.92169	 1.37348	        -1034.54	         994.064	        -40.4706
     333	 1.92183	 1.37611	        -1034.56	         994.135	        -40.4206
     334	  1.9315	 1.34947	        -1039.65	          999.11	        -40.5353
     335	 1.94739	 1.30387	           -1048	         1007.29	        -40.7134
     336	 1.96423	 1.25541	        -1056.77	         1015.95	        -40.8185
     337	 1.97815	  1.2155	        -1063.97	         1023.11	        -40.8535
     338	 1.98735	 1.18955	        -1068.71	         1027.85	        -40.8634
     339	 1.99117	  1.1797	        -1070.67	         1029.81	        -40.8566
     340	 1.98977	 1.18559	        -1069.91	         1029.09	        -40.8169
     341	 1.98442	 1.20347	        -1067.07	         1026.34	        -40.7385
     342	 1.97745	 1.22624	         -1063.4	         1022.75	        -40.6475
     343	 1.97153	 1.24579	        -1060.29	          1019.7	        -40.5897
     344	 1.96841	 1.25664	        -1058.68	          1018.1	        -40.5801
     345	 1.96856	 1.25724	        -1058.77	         1018.18	        -40.5869
     346	 1.97183	 1.24799	        -1060.45	         1019.86	         -40.586
     347	 1.97794	 1.22962	         -1063.6	            1023	        -40.5939
     348	 1.98626	 1.20403	        -1067.91	         1027.28	        -40.6301
     349	 1.99541	 1.17551	        -1072.68	         1031.99	        -40.6882
     350	 2.00344	 1.15003	        -1076.87	         1036.12	        -40.7495
     351	 2.00842	 1.13349	        -1079.48	         1038.69	        -40.7944
     352	 2.00909	 1.12973	        -1079.83	         1039.03	        -40.7945
     353	 2.00569	 1.13826	        -1078.01	         1037.28	        -40.7255
     354	  2.0003	 1.15286	        -1075.13	         1034.51	         -40.621
     355	  1.9958	 1.16483	        -1072.76	         1032.19	        -40.5706
     356	 1.99367	  1.1696	        -1071.68	         1031.09	        -40.5873
     357	 1.99361	 1.16806	        -1071.67	         1031.07	        -40.6044
     358	 1.99495	  1.1621	        -1072.36	         1031.76	        -40.5991
     359	 1.99743	 1.15243	        -1073.62	         1033.03	        -40.5893
     360	 2.00096	 1.13945	        -1075.43	         1034.85	        -40.5878
     361	  2.0053	 1.12408	        -1077.68	         1037.08	        -40.5994
     362	 2.00994	  1.1081	         -1080.1	         1039.47	        -40.6315
     363	 2.01389	  1.0946	        -1082.19	          1041.5	         -40.693
     364	 2.01555	 1.08834	        -1083.13	         1042.36	        -40.7758
     365	 2.01312	 1.09473	        -1081.93	          1041.1	         -40.831
     366	 2.00588	 1.11591	        -1078.17	         1037.38	        -40.7887
     367	 1.99586	 1.14593	        -1072.86	         1032.22	        -40.6425
     368	 1.98745	 1.17144	        -1068.42	          1027.9	        -40.5227
     369	 1.98397	 1.18203	        -1066.68	         1026.11	        -40.5698
     370	 1.98443	  1.1804	        -1067.06	         1026.34	        -40.7165
     371	 1.98512	 1.17752	        -1067.49	          1026.7	        -40.7905
     372	 1.98377	 1.17986	        -1066.74	            1026	        -40.7324
     373	 1.98141	 1.18407	         -1065.4	         1024.79	        -40.6063
     374	 1.98099	 1.18133	        -1065.08	         1024.57	        -40.5131
     375	 1.98471	 1.16508	           -1067	         1026.49	        -40.5158
     376	 1.99238	 1.13602	        -1071.04	         1030.44	        -40.6032
     377	 2.00158	 1.10142	        -1075.88	         1035.17	         -40.713
     378	 2.00932	 1.07031	        -1079.93	         1039.15	        -40.7808
     379	 2.01384	 1.04825	        -1082.24	         1041.47	        -40.7679
     380	  2.0156	 1.03437	        -1083.08	         1042.38	         -40.697
     381	 2.01647	 1.02352	        -1083.48	         1042.83	        -40.6527
     382	 2.01769	 1.01248	        -1084.12	         1043.45	        -40.6697
     383	 2.01886	 1.00285	        -1084.77	         1044.06	        -40.7098
     384	 2.01874	0.998432	        -1084.73	         1043.99	        -40.7375
     385	 2.01634	 1.00214	        -1083.49	         1042.76	        -40.7283
     386	 2.01166	 1.01386	        -1081.03	         1040.35	        -40.6832
     387	 2.00568	 1.03048	        -1077.91	         1037.28	        -40.6312
     388	 1.99973	 1.04803	        -1074.81	         1034.21	        -40.5942
     389	 1.99479	 1.06349	        -1072.25	         1031.67	        -40.5771
     390	 1.99131	 1.07547	        -1070.46	         1029.88	        -40.5827
     391	 1.98907	 1.08449	        -1069.34	         1028.73	        -40.6106
     392	 1.98729	 1.09279	        -1068.46	         1027.81	        -40.6485
     393	 1.98492	 1.10331	        -1067.28	          1026.6	        -40.6839
     394	 1.98104	 1.11862	        -1065.31	          1024.6	        -40.7132
     395	 1.97499	 1.14038	        -1062.22	         1021.49	        -40.7342
     396	 1.96655	 1.16896	        -1057.87	         1017.14	        -40.7302
     397	 1.95637	 1.20215	        -1052.58	         1011.91	         -40.678
     398	 1.94645	 1.23379	        -1047.39	          1006.8	        -40.5876
     399	 1.93959	  1.2551	         -1043.8	         1003.28	         -40.521
     400	 1.93787	 1.25963	        -1042.91	         1002.39	        -40.5233
     401	 1.94151	 1.24658	        -1044.82	         1004.26	        -40.5579
     402	 1.94964	 1.21858	        -1049.02	         1008.45	        -40.5792
     403	 1.96139	 1.17826	        -1055.08	         1014.49	        -40.5869
     404	 1.97611	 1.12781	        -1062.66	         1022.06	        -40.5949
     405	 1.99308	 1.06983	        -1071.41	         1030.79	        -40.6142
     406	 2.01121	 1.00806	        -1080.77	         1040.12	        -40.6503
     407	 2.02899	0.947547	        -1089.96	         1049.27	        -40.6887
     408	 2.04489	0.893392	        -1098.16	         1057.45	        -40.7065
     409	 2.05791	0.849019	        -1104.85	         1064.15	        -40.6997
     410	 2.06774	0.815742	        -1109.89	          1069.2	        -40.6848
     411	 2.07438	0.793849	         -1113.3	         1072.62	         -40.675
     412	 2.07788	0.783522	        -1115.09	         1074.42	        -40.6674
     413	 2.07831	0.784672	         -1115.3	         1074.65	        -40.6531
     414	 2.07604	0.796337	        -1114.11	         1073.48	         -40.632
     415	 2.07165	 0.81671	        -1111.83	         1071.22	        -40.6151
     416	 2.06568	0.843978	        -1108.76	         1068.15	        -40.6129
     417	 2.05837	0.877113	        -1105.01	         1064.39	        -40.6226
     418	 2.04974	0.915728	        -1100.58	         1059.94	         -40.633
     419	 2.03976	0.959315	        -1095.45	         1054.81	        -40.6385
     420	 2.02861	 1.00683	        -1089.72	         1049.07	        -40.6426
     421	 2.01652	 1.05692	         -1083.5	         1042.85	        -40.6526
     422	 2.00366	 1.10843	        -1076.91	         1036.24	        -40.6718
     423	 1.99017	 1.16053	        -1069.98	         1029.29	        -40.6835
     424	  1.9766	 1.21136	        -1062.96	         1022.31	        -40.6496
     425	 1.96471	 1.25573	        -1056.77	          1016.2	        -40.5747
     426	 1.95695	 1.28631	        -1052.76	         1012.21	        -40.5535
     427	 1.95418	 1.30063	        -1051.41	         1010.78	        -40.6259
     428	 1.95476	 1.30385	         -1051.8	         1011.08	         -40.723
     429	 1.95598	 1.30389	        -1052.51	         1011.71	        -40.8085
     430	 1.95551	 1.30755	        -1052.31	         1011.46	        -40.8514
     431	 1.95265	 1.31712	        -1050.76	         1009.99	        -40.7709
     432	 1.95006	 1.32505	        -1049.23	         1008.66	        -40.5688
     433	 1.95295	  1.3157	        -1050.59	         1010.15	        -40.4387
     434	 1.96432	 1.28012	        -1056.53	            1016	        -40.5293
     435	 1.98153	  1.2266	        -1065.57	         1024.85	        -40.7191
     436	   1.999	 1.17206	        -1074.67	         1033.84	        -40.8263
     437	 2.01289	 1.12801	         -1081.8	         1040.98	        -40.8163
     438	 2.02256	 1.09646	         -1086.7	         1045.96	        -40.7425
     439	 2.02955	 1.07328	        -1090.22	         1049.56	        -40.6618
     440	 2.03574	 1.05318	        -1093.39	         1052.74	        -40.6422
     441	  2.0415	 1.03523	        -1096.42	         1055.71	         -40.716
     442	 2.04492	 1.02516	        -1098.29	         1057.47	        -40.8247
     443	 2.04327	 1.03093	        -1097.51	         1056.62	         -40.898
     444	 2.03491	 1.05699	        -1093.22	         1052.31	        -40.9052
     445	 2.02051	 1.10105	        -1085.72	         1044.91	         -40.812
     446	 2.00395	  1.1516	        -1076.99	         1036.39	        -40.5991
     447	 1.99182	 1.18863	        -1070.58	         1030.15	        -40.4371
     448	 1.98869	 1.19769	        -1069.05	         1028.53	        -40.5198
     449	 1.99325	 1.18303	        -1071.53	         1030.88	        -40.6486
     450	 2.00201	 1.15503	        -1076.07	         1035.39	        -40.6779
     451	 2.01293	 1.11908	        -1081.73	         1041.01	        -40.7275
     452	 2.02377	 1.08178	        -1087.42	         1046.58	        -40.8389
     453	 2.03131	 1.05337	        -1091.37	         1050.46	        -40.9055
     454	 2.03358	 1.04025	        -1092.49	         1051.63	        -40.8565
     455	 2.03147	 1.04006	        -1091.31	         1050.55	        -40.7622
     456	 2.02704	 1.04678	        -1089.01	         1048.27	        -40.7393
     457	 2.02084	 1.05899	        -1085.85	         1045.08	         -40.774
     458	 2.01216	 1.07907	        -1081.37	         1040.61	        -40.7592
     459	 2.00143	 1.10574	        -1075.75	         1035.09	        -40.6606
     460	  1.9911	 1.13147	        -1070.32	         1029.78	        -40.5424
     461	 1.98423	 1.14706	        -1066.72	         1026.24	        -40.4781
     462	 1.98256	 1.14735	        -1065.87	         1025.38	        -40.4866
     463	 1.98587	 1.13301	        -1067.62	         1027.08	        -40.5388
     464	 1.99272	 1.10845	         -1071.2	         1030.61	         -40.586
     465	 2.00172	 1.07811	        -1075.84	         1035.24	        -40.5986
     466	 2.01219	 1.04422	        -1081.22	         1040.63	        -40.5957
     467	 2.02379	 1.00811	        -1087.21	         1046.59	        -40.6205
     468	 2.03547	0.973175	        -1093.28	          1052.6	        -40.6791
     469	 2.04538	0.945216	        -1098.44	          1057.7	        -40.7374
     470	 2.05165	0.929898	         -1101.7	         1060.93	        -40.7713
     471	  2.0531	0.930697	        -1102.46	         1061.67	        -40.7877
     472	 2.04916	0.949047	        -1100.45	         1059.65	        -40.8019
     473	 2.03962	0.985236	        -1095.55	         1054.74	        -40.8137
     474	 2.02467	 1.03829	        -1087.84	         1047.04	        -40.7998
     475	 2.00544	 1.10432	        -1077.88	         1037.15	        -40.7309
     476	 1.98465	 1.17471	        -1067.07	         1026.46	        -40.6105
     477	 1.96625	 1.23708	        -1057.49	         1016.99	         -40.498
     478	 1.95378	 1.28028	        -1051.04	         1010.57	         -40.465
     479	 1.94854	 1.29993	        -1048.39	         1007.88	        -40.5151
     480	 1.94948	 1.29888	        -1048.94	         1008.36	        -40.5819
     481	 1.95475	 1.28249	         -1051.7	         1011.07	         -40.621
     482	 1.96284	 1.25516	        -1055.89	         1015.23	        -40.6548
     483	 1.97231	 1.22132	        -1060.81	         1020.11	        -40.7036
     484	  1.9815	 1.18646	        -1065.58	         1024.84	        -40.7473
     485	  1.9889	  1.1556	        -1069.41	         1028.64	        -40.7638
     486	 1.99376	 1.13143	        -1071.89	         1031.14	        -40.7502
     487	 1.99627	 1.11391	        -1073.15	         1032.44	        -40.7134
     488	 1.99736	 1.10075	        -1073.66	         1032.99	        -40.6617
     489	 1.99841	 1.08825	        -1074.15	         1033.54	        -40.6129
     490	 2.00069	 1.07297	        -1075.31	         1034.71	        -40.5988
     491	  2.0045	 1.05413	         -1077.3	         1036.67	        -40.6346
     492	 2.00889	 1.03463	        -1079.62	         1038.93	        -40.6925
     493	 2.01237	 1.01895	        -1081.44	         1040.72	        -40.7267
     494	 2.01412	 1.00948	        -1082.32	         1041.62	        -40.7027
     495	 2.01496	 1.00394	        -1082.67	         1042.05	        -40.6175
     496	 2.01721	0.995621	        -1083.73	         1043.21	        -40.5283
     497	 2.02302	0.978113	        -1086.72	          1046.2	        -40.5204
     498	 2.03237	0.951719	        -1091.61	         1051.01	        -40.6054
     499	 2.04268	0.924296	        -1097.03	         1056.31	        -40.7136
     500	 2.05059	0.905966	        -1101.16	         1060.38	        -40.7833
     501	 2.05368	0.903891	        -1102.77	         1061.97	        -40.8007
     502	  2.0511	0.920534	        -1101.42	         1060.64	        -40.7779
     503	 2.04337	0.954235	         -1097.4	         1056.67	        -40.7289
     504	 2.03199	 1.00036	        -1091.48	         1050.81	        -40.6692
     505	 2.01891	 1.05278	        -1084.71	         1044.08	        -40.6234
     506	 2.00585	 1.10598	        -1077.98	         1037.36	        -40.6134
     507	 1.99377	 1.15678	        -1071.77	         1031.15	        -40.6247
     508	 1.98328	  1.2033	        -1066.36	         1025.75	        -40.6065
     509	 1.97559	  1.2419	        -1062.36	          1021.8	        -40.5638
     510	 1.97202	 1.26828	        -1060.55	         1019.96	        -40.5937
     511	 1.97196	 1.28414	        -1060.63	         1019.93	        -40.6984
     512	 1.97295	   1.297	        -1061.19	         1020.44	        -40.7543
     513	 1.97337	 1.31156	        -1061.39	         1020.65	        -40.7377
     514	 1.97329	 1.32728	        -1061.33	         1020.61	        -40.7238
     515	 1.97302	  1.3431	        -1061.21	         1020.47	        -40.7361
     516	 1.97248	 1.35933	        -1060.93	         1020.19	        -40.7376
     517	 1.97182	 1.37547	        -1060.56	         1019.85	        -40.7068
     518	  1.9719	 1.38883	        -1060.56	          1019.9	        -40.6578
     519	 1.97388	 1.39588	        -1061.55	         1020.91	        -40.6331
     520	 1.97805	 1.39554	        -1063.72	         1023.06	        -40.6616
     521	  1.9833	 1.39113	        -1066.47	         1025.76	         -40.711
     522	 1.98785	 1.38792	        -1068.84	          1028.1	        -40.7378
     523	 1.99044	 1.38961	        -1070.17	         1029.43	        -40.7327
     524	 1.99073	 1.39724	        -1070.29	         1029.58	        -40.7091
     525	 1.98904	 1.40992	         -1069.4	         1028.71	        -40.6817
     526	 1.98596	 1.42598	        -1067.79	         1027.13	        -40.6589
     527	 1.98208	 1.44365	        -1065.78	         1025.13	        -40.6451
     528	 1.97786	 1.46156	        -1063.61	         1022.96	        -40.6456
     529	 1.97342	 1.47921	        -1061.34	         1020.68	        -40.6631
     530	  1.9686	 1.49705	        -1058.88	          1018.2	        -40.6862
     531	 1.96318	 1.51564	         -1056.1	         1015.41	        -40.6881
     532	  1.9576	 1.53373	        -1053.19	         1012.54	        -40.6499
     533	 1.95326	 1.54717	         -1050.9	          1010.3	         -40.591
     534	 1.95188	 1.55077	        -1050.17	          1009.6	        -40.5686
     535	 1.95406	 1.54271	        -1051.34	         1010.72	        -40.6229
     536	  1.9583	 1.52745	        -1053.62	          1012.9	        -40.7239
     537	 1.96183	 1.51334	        -1055.52	         1014.71	        -40.8083
     538	 1.96225	 1.50756	        -1055.77	         1014.93	        -40.8361
     539	  1.9588	  1.5125	        -1053.95	         1013.15	        -40.7947
     540	 1.95273	 1.52454	        -1050.73	         1010.03	         -40.703
     541	 1.94673	 1.53572	        -1047.56	         1006.95	        -40.6137
     542	  1.9435	 1.53803	        -1045.86	         1005.29	        -40.5726
     543	 1.94455	 1.52707	        -1046.39	         1005.82	        -40.5703
     544	 1.95022	 1.50189	        -1049.32	         1008.74	        -40.5756
     545	 1.96028	 1.46316	        -1054.52	         1013.92	        -40.5977
     546	 1.97377	 1.41372	        -1061.51	         1020.86	         -40.656
     547	 1.98877	 1.35946	        -1069.29	         1028.58	        -40.7157
     548	 2.00328	 1.30663	        -1076.77	         1036.04	        -40.7325
     549	 2.01623	 1.25849	        -1083.42	          1042.7	        -40.7201
     550	 2.02737	 1.21599	        -1089.15	         1048.43	        -40.7127
     551	 2.03647	    1.18	        -1093.83	         1053.12	        -40.7135
     552	 2.04317	 1.15181	        -1097.28	         1056.56	          -40.72
     553	 2.04692	 1.13306	        -1099.23	          1058.5	         -40.736
     554	 2.04708	 1.12579	        -1099.32	         1058.58	        -40.7479
     555	 2.04321	 1.13135	        -1097.32	         1056.58	        -40.7386
     556	 2.03555	 1.14906	        -1093.35	         1052.64	        -40.7072
     557	  2.0251	   1.176	        -1087.93	         1047.27	        -40.6604
     558	  2.0134	 1.20762	        -1081.86	         1041.25	        -40.6115
     559	 2.00206	 1.23911	        -1076.01	         1035.42	        -40.5915
     560	 1.99188	 1.26791	        -1070.81	         1030.18	        -40.6291
     561	 1.98218	 1.29579	         -1065.9	         1025.19	        -40.7097
     562	 1.97119	 1.32765	        -1060.32	         1019.53	        -40.7838
     563	 1.95734	 1.36772	        -1053.21	         1012.41	        -40.8076
     564	 1.94048	 1.41599	        -1044.49	         1003.73	        -40.7595
     565	  1.9225	 1.46652	        -1035.13	         994.481	        -40.6446
     566	 1.90704	 1.50828	        -1027.03	         986.526	        -40.5083
     567	 1.89814	 1.52912	        -1022.37	         981.949	        -40.4251
     568	 1.89825	 1.52175	        -1022.45	         982.004	        -40.4428
     569	 1.90697	 1.48755	        -1027.02	         986.488	        -40.5349
     570	 1.92172	  1.4345	         -1034.7	         994.077	        -40.6256
     571	  1.9396	 1.37162	        -1043.95	         1003.28	        -40.6758
     572	 1.95847	  1.3056	         -1053.7	         1012.99	        -40.7133
     573	 1.97653	  1.2422	        -1063.04	         1022.28	        -40.7637
     574	 1.99188	 1.18761	        -1070.98	         1030.18	        -40.8056
     575	 2.00296	  1.1469	        -1076.69	         1035.88	        -40.8149
     576	 2.00915	 1.12205	        -1079.86	         1039.06	        -40.7942
     577	 2.01084	 1.11196	        -1080.69	         1039.93	        -40.7542
     578	 2.00913	 1.11328	        -1079.76	         1039.05	        -40.7057
     579	 2.00541	 1.12167	        -1077.81	         1037.14	        -40.6737
     580	 2.00067	 1.13389	        -1075.38	          1034.7	        -40.6778
     581	 1.99505	  1.1493	         -1072.5	         1031.81	        -40.6956
     582	  1.9884	 1.16823	        -1069.07	         1028.38	        -40.6813
     583	 1.98134	 1.18868	        -1065.37	         1024.75	        -40.6219
     584	 1.97559	 1.20544	        -1062.35	         1021.79	        -40.5533
     585	 1.97308	 1.21272	        -1061.02	          1020.5	        -40.5204
     586	  1.9748	  1.2076	        -1061.92	         1021.39	         -40.535
     587	  1.9804	 1.19118	        -1064.85	         1024.27	        -40.5837
     588	  1.9885	 1.16759	        -1069.09	         1028.44	        -40.6514
     589	 1.99718	 1.14252	        -1073.62	         1032.91	        -40.7123
     590	 2.00482	 1.12093	        -1077.56	         1036.83	         -40.731
     591	 2.01091	 1.10442	        -1080.67	         1039.97	         -40.701
     592	 2.01616	 1.09088	        -1083.34	         1042.67	        -40.6685
     593	 2.02131	 1.07804	           -1086	         1045.32	        -40.6852
     594	 2.02595	 1.06717	        -1088.44	          1047.7	        -40.7385
     595	 2.02878	 1.06223	        -1089.93	         1049.16	         -40.765
     596	  2.0292	 1.06522	         -1090.1	         1049.38	        -40.7252
     597	 2.02825	 1.07327	        -1089.53	         1048.89	        -40.6391
     598	 2.02805	 1.08013	        -1089.36	         1048.79	        -40.5771
     599	 2.02998	 1.08169	        -1090.38	         1049.78	        -40.6011
     600	 2.03319	 1.08048	        -1092.12	         1051.43	        -40.6868
     601	 2.03519	 1.08386	        -1093.21	         1052.46	        -40.7566
     602	 2.03374	 1.09821	        -1092.48	         1051.71	        -40.7702
     603	 2.02812	 1.12544	        -1089.56	         1048.82	        -40.7349
     604	 2.01909	 1.16305	        -1084.85	         1044.18	        -40.6742
     605	 2.00829	 1.20595	        -1079.23	         1038.62	        -40.6118
     606	 1.99754	 1.24849	        -1073.66	         1033.09	        -40.5681
     607	  1.9882	 1.28631	        -1068.84	         1028.28	         -40.557
     608	 1.98078	 1.31758	        -1065.05	         1024.47	        -40.5796
     609	 1.97489	  1.3432	        -1062.06	         1021.43	        -40.6228
     610	 1.96955	 1.36573	        -1059.35	         1018.69	        -40.6653
     611	 1.96385	  1.3877	        -1056.44	         1015.76	        -40.6877
     612	 1.95743	 1.40997	        -1053.13	         1012.45	        -40.6808
     613	 1.95079	   1.431	        -1049.68	         1009.03	        -40.6476
     614	 1.94515	 1.44704	        -1046.74	         1006.14	        -40.6003
     615	 1.94216	 1.45333	        -1045.15	          1004.6	        -40.5579
     616	 1.94317	 1.44587	        -1045.67	         1005.11	        -40.5519
     617	 1.94834	 1.42413	        -1048.39	         1007.77	        -40.6137
     618	 1.95595	 1.39318	        -1052.41	         1011.69	        -40.7222
     619	 1.96318	 1.36174	         -1056.2	         1015.41	        -40.7876
     620	 1.96827	 1.33533	        -1058.77	         1018.03	        -40.7444
     621	 1.97208	 1.31163	        -1060.64	         1019.99	        -40.6471
     622	 1.97673	 1.28455	        -1062.99	         1022.38	         -40.609
     623	 1.98299	 1.25222	        -1066.24	          1025.6	        -40.6369
     624	    1.99	 1.21776	        -1069.86	         1029.21	        -40.6568
     625	 1.99681	 1.18428	        -1073.36	         1032.71	          -40.65
     626	 2.00309	 1.15292	        -1076.59	         1035.94	        -40.6437
     627	 2.00867	 1.12439	        -1079.46	         1038.81	        -40.6432
     628	 2.01342	 1.09928	        -1081.89	         1041.26	        -40.6332
     629	 2.01751	 1.07722	        -1083.98	         1043.36	         -40.617
     630	 2.02122	 1.05728	        -1085.89	         1045.27	        -40.6162
     631	 2.02455	 1.03949	        -1087.62	         1046.98	        -40.6338
     632	 2.02705	 1.02513	        -1088.92	         1048.27	        -40.6513
     633	 2.02832	 1.01541	        -1089.58	         1048.93	        -40.6569
     634	 2.02826	 1.01056	        -1089.55	         1048.89	        -40.6567
     635	  2.0269	 1.01027	        -1088.87	         1048.19	        -40.6742
     636	 2.02388	 1.01536	        -1087.36	         1046.64	        -40.7188
     637	 2.01836	 1.02821	        -1084.54	          1043.8	        -40.7446
     638	  2.0101	 1.04942	        -1080.25	         1039.55	        -40.7008
     639	 2.00056	 1.07443	        -1075.26	         1034.64	        -40.6149
     640	 1.99215	 1.09575	        -1070.89	         1030.32	        -40.5713
     641	 1.98622	  1.1091	        -1067.87	         1027.27	        -40.6065
     642	  1.9822	 1.11614	        -1065.85	         1025.19	        -40.6586
     643	 1.97897	 1.12016	        -1064.18	         1023.53	        -40.6488
     644	 1.97676	 1.12044	        -1062.98	          1022.4	        -40.5822
     645	 1.97705	 1.11257	        -1063.08	         1022.55	        -40.5306
     646	 1.98096	 1.09345	        -1065.09	         1024.56	        -40.5373
     647	 1.98811	  1.0646	        -1068.82	         1028.23	        -40.5844
     648	 1.99694	 1.03105	        -1073.42	         1032.78	        -40.6356
     649	 2.00564	0.998525	        -1077.93	         1037.26	        -40.6693
     650	 2.01279	 0.97151	        -1081.62	         1040.94	        -40.6836
     651	 2.01752	0.952797	        -1084.06	         1043.37	        -40.6895
     652	 2.01929	0.944082	        -1084.98	         1044.28	        -40.7001
     653	 2.01761	0.946752	        -1084.13	         1043.42	        -40.7173
     654	 2.01209	0.961886	         -1081.3	         1040.58	        -40.7266
     655	 2.00281	0.989073	         -1076.5	          1035.8	        -40.7019
     656	 1.99099	 1.02455	        -1070.34	         1029.72	        -40.6281
     657	 1.97921	 1.06047	        -1064.19	         1023.66	        -40.5317
     658	 1.97056	 1.08747	        -1059.68	         1019.21	        -40.4712
     659	 1.96708	 1.09931	        -1057.89	         1017.41	        -40.4774
     660	 1.96883	 1.09563	        -1058.85	         1018.32	        -40.5372
     661	 1.97416	 1.08107	        -1061.68	         1021.06	        -40.6226
     662	 1.98054	 1.06293	        -1065.05	         1024.34	        -40.7039
     663	 1.98547	 1.04842	        -1067.63	         1026.88	        -40.7555
     664	 1.98729	 1.04233	        -1068.58	         1027.81	        -40.7641
     665	 1.98566	 1.04562	         -1067.7	         1026.98	        -40.7246
     666	 1.98173	 1.05495	         -1065.6	         1024.95	        -40.6424
     667	 1.97788	 1.06336	        -1063.52	         1022.97	         -40.547
     668	 1.97679	 1.06298	         -1062.9	         1022.41	        -40.4905
     669	 1.98003	 1.04926	        -1064.59	         1024.08	        -40.5061
     670	 1.98726	 1.02353	        -1068.37	          1027.8	        -40.5706
     671	 1.99667	0.991383	        -1073.28	         1032.64	        -40.6406
     672	 2.00615	0.959327	        -1078.22	         1037.52	        -40.7013
     673	  2.0138	0.933094	        -1082.21	         1041.46	        -40.7538
     674	 2.01815	0.917166	        -1084.47	         1043.69	        -40.7843
     675	 2.01853	0.913512	        -1084.66	         1043.89	        -40.7703
     676	 2.01557	0.920106	        -1083.09	         1042.37	        -40.7212
     677	 2.01087	0.931925	        -1080.62	         1039.94	        -40.6793
     678	   2.006	 0.94408	        -1078.09	         1037.44	        -40.6431
     679	 2.00252	0.952149	        -1076.23	         1035.65	        -40.5789
     680	 2.00221	0.950805	        -1076.03	         1035.49	          -40.54
     681	 2.00576	0.937882	        -1077.91	         1037.32	         -40.595
     682	 2.01148	0.918792	        -1080.95	         1040.26	         -40.692
     683	 2.01634	0.902757	        -1083.52	         1042.76	        -40.7608
     684	 2.01793	  0.8971	        -1084.37	         1043.58	        -40.7883
     685	 2.01511	0.905323	         -1082.9	         1042.13	        -40.7781
     686	 2.00807	0.926978	        -1079.24	         1038.51	        -40.7304
     687	 1.99829	0.957814	        -1074.13	         1033.48	        -40.6559
     688	 1.98808	0.990963	        -1068.81	         1028.22	        -40.5895
     689	 1.97955	 1.01998	         -1064.4	         1023.83	        -40.5727
     690	 1.97359	 1.04213	        -1061.37	         1020.76	        -40.6044
     691	 1.96972	 1.05867	        -1059.43	         1018.78	        -40.6522
     692	 1.96686	 1.07261	           -1058	          1017.3	        -40.6959
     693	 1.96392	 1.08689	         -1056.5	         1015.79	        -40.7109
     694	  1.9606	 1.10228	        -1054.75	         1014.08	        -40.6725
     695	 1.95784	 1.11573	        -1053.27	         1012.66	        -40.6083
     696	 1.95714	 1.12251	        -1052.89	          1012.3	         -40.581
     697	  1.9591	 1.12063	        -1053.91	         1013.31	        -40.6067
     698	 1.96293	 1.11221	        -1055.94	         1015.28	        -40.6542
     699	  1.9672	 1.10138	        -1058.17	         1017.48	        -40.6958
     700	 1.97057	 1.09192	        -1059.93	         1019.21	        -40.7143
     701	 1.97241	 1.08571	        -1060.86	         1020.16	        -40.6987
     702	 1.97303	 1.08192	        -1061.13	         1020.48	        -40.6543
     703	 1.97355	 1.07739	        -1061.35	         1020.75	        -40.6041
     704	 1.97528	 1.06849	        -1062.21	         1021.64	        -40.5738
     705	 1.97899	 1.05317	        -1064.12	         1023.55	        -40.5781
     706	 1.98452	 1.03216	           -1067	         1026.39	        -40.6144
     707	 1.99084	 1.00872	         -1070.3	         1029.64	        -40.6615
     708	 1.99664	0.986926	        -1073.31	         1032.62	        -40.6887
     709	 2.00113	0.969315	        -1075.62	         1034.94	         -40.682
     710	 2.00435	0.955832	        -1077.25	         1036.59	        -40.6613
     711	 2.00669	0.945262	        -1078.46	          1037.8	        -40.6599
     712	 2.00815	0.937576	        -1079.23	         1038.55	        -40.6818
     713	 2.00824	0.934143	        -1079.28	         1038.59	        -40.6907
     714	 2.00686	0.935179	        -1078.54	         1037.89	        -40.6552
     715	 2.00504	0.937611	        -1077.53	         1036.95	         -40.587
     716	 2.00453	0.936123	        -1077.22	         1036.69	        -40.5322
     717	 2.00668	0.926771	        -1078.33	         1037.79	        -40.5352
     718	 2.01126	0.910348	        -1080.75	         1040.15	         -40.601
     719	 2.01638	0.892591	        -1083.47	         1042.78	        -40.6872
     720	 2.01967	 0.88072	        -1085.21	         1044.47	        -40.7349
     721	 2.01988	0.878669	        -1085.29	         1044.58	        -40.7041
     722	  2.0179	0.884065	        -1084.18	         1043.56	        -40.6137
     723	 2.01601	0.890046	        -1083.15	         1042.59	        -40.5547
     724	 2.01575	0.892026	        -1083.03	         1042.46	        -40.5774
     725	 2.01675	0.891252	        -1083.57	         1042.97	        -40.6013
     726	 2.01846	 0.88951	        -1084.41	         1043.85	        -40.5589
     727	 2.02151	0.884622	        -1085.93	         1045.42	        -40.5151
     728	  2.0265	0.874694	        -1088.53	         1047.99	        -40.5398
     729	 2.03247	0.862843	        -1091.66	         1051.06	        -40.5981
     730	 2.03755	0.854904	        -1094.31	         1053.67	        -40.6398
     731	 2.04021	0.855516	         -1095.7	         1055.04	        -40.6619
     732	 2.03958	0.867288	        -1095.39	         1054.72	        -40.6735
     733	 2.03535	0.891188	        -1093.21	         1052.54	        -40.6711
     734	 2.02779	0.926356	         -1089.3	         1048.65	        -40.6497
     735	 2.01783	0.969855	        -1084.14	         1043.53	        -40.6133
     736	  2.0069	 1.01714	        -1078.48	          1037.9	        -40.5711
     737	 1.99669	 1.06298	        -1073.18	         1032.65	        -40.5305
     738	 1.98877	 1.10242	        -1069.08	         1028.57	        -40.5051
     739	 1.98415	  1.1321	        -1066.71	          1026.2	        -40.5127
     740	 1.98286	 1.15167	        -1066.08	         1025.53	        -40.5493
     741	 1.98403	 1.16345	        -1066.72	         1026.14	         -40.587
     742	 1.98666	 1.17034	        -1068.09	         1027.49	        -40.6071
     743	 1.99007	 1.17424	        -1069.86	         1029.24	        -40.6116
     744	   1.994	 1.17603	        -1071.88	         1031.27	        -40.6144
     745	 1.99821	 1.17655	        -1074.07	         1033.43	        -40.6338
     746	 2.00204	 1.17789	        -1076.08	          1035.4	        -40.6748
     747	 2.00437	 1.18353	        -1077.32	          1036.6	        -40.7184
     748	 2.00405	 1.19688	        -1077.18	         1036.44	        -40.7411
     749	 2.00056	  1.2194	        -1075.38	         1034.64	        -40.7353
     750	 1.99423	 1.25001	        -1072.09	         1031.39	         -40.709
     751	   1.986	 1.28563	        -1067.83	         1027.15	        -40.6756
     752	 1.97711	 1.32232	        -1063.22	         1022.57	        -40.6444
     753	 1.96875	 1.35621	        -1058.89	         1018.28	        -40.6169
     754	 1.96203	 1.38381	        -1055.41	         1014.82	        -40.5947
     755	 1.95781	 1.40236	        -1053.23	         1012.65	        -40.5871
     756	 1.95644	 1.41067	        -1052.55	         1011.94	        -40.6091
     757	 1.95743	  1.4102	        -1053.12	         1012.45	        -40.6686
     758	 1.95939	 1.40533	        -1054.19	         1013.46	        -40.7366
     759	  1.9609	 1.40073	        -1054.98	         1014.24	        -40.7463
     760	 1.96197	 1.39686	        -1055.49	         1014.79	        -40.7052
     761	 1.96347	 1.39112	        -1056.29	         1015.56	        -40.7284
     762	 1.96474	 1.38557	        -1057.02	         1016.21	        -40.8047
     763	 1.96392	 1.38608	         -1056.6	         1015.79	         -40.812
     764	 1.96058	  1.3938	         -1054.8	         1014.07	          -40.73
     765	 1.95654	 1.40304	        -1052.62	            1012	        -40.6227
     766	 1.95445	 1.40591	        -1051.48	         1010.92	        -40.5606
     767	  1.9558	 1.39788	        -1052.18	         1011.61	        -40.5737
     768	 1.96013	 1.38032	        -1054.48	         1013.84	        -40.6424
     769	 1.96543	  1.3591	         -1057.3	         1016.57	        -40.7252
     770	 1.96933	 1.34125	        -1059.35	         1018.57	        -40.7799
     771	 1.97026	  1.3314	        -1059.82	         1019.05	        -40.7738
     772	 1.96841	 1.32908	         -1058.8	          1018.1	        -40.7035
     773	 1.96569	 1.32875	        -1057.31	          1016.7	        -40.6163
     774	 1.96444	  1.3235	        -1056.64	         1016.06	        -40.5774
     775	 1.96582	 1.31012	        -1057.37	         1016.77	           -40.6
     776	 1.96926	 1.29045	         -1059.2	         1018.54	        -40.6592
     777	 1.97301	 1.26967	         -1061.2	         1020.47	        -40.7322
     778	  1.9749	 1.25408	        -1062.23	         1021.44	        -40.7854
     779	  1.9734	 1.24814	        -1061.46	         1020.67	         -40.787
     780	 1.96848	 1.25187	        -1058.86	         1018.14	        -40.7253
     781	 1.96201	 1.25977	        -1055.41	         1014.81	        -40.6024
     782	 1.95744	 1.26168	        -1052.93	         1012.46	        -40.4739
     783	 1.95801	  1.2479	         -1053.2	         1012.75	        -40.4517
     784	 1.96411	 1.21727	        -1056.43	         1015.89	        -40.5455
     785	 1.97311	 1.17786	        -1061.16	         1020.52	        -40.6426
     786	 1.98198	  1.1387	        -1065.76	         1025.08	        -40.6746
     787	  1.9893	 1.10404	         -1069.5	         1028.85	        -40.6482
     788	  1.9954	 1.07309	        -1072.58	         1031.99	        -40.5935
     789	 2.00153	 1.04238	        -1075.69	         1035.14	        -40.5464
     790	 2.00884	 1.00874	        -1079.43	          1038.9	        -40.5342
     791	 2.01761	0.971592	        -1083.97	         1043.42	        -40.5536
     792	 2.02728	0.932886	        -1088.97	         1048.39	        -40.5818
     793	 2.03694	0.895541	        -1093.96	         1053.36	        -40.6078
     794	 2.04565	0.862486	        -1098.48	         1057.84	        -40.6379
     795	 2.05245	 0.83686	        -1102.02	         1061.34	        -40.6789
     796	 2.05617	0.822264	        -1103.98	         1063.25	        -40.7254
     797	 2.05573	0.822069	        -1103.78	         1063.03	        -40.7548
     798	 2.05076	0.837526	        -1101.21	         1060.47	        -40.7406
     799	 2.04213	0.866015	        -1096.73	         1056.03	         -40.703
     800	 2.03128	0.902921	        -1091.16	         1050.45	         -40.714
     801	 2.01859	0.946685	        -1084.69	         1043.92	        -40.7683
     802	 2.00365	0.998379	           -1077	         1036.23	        -40.7677
     803	 1.98722	  1.0552	        -1068.48	         1027.78	        -40.6999
     804	 1.97157	 1.10967	        -1060.39	         1019.73	        -40.6624
     805	 1.95843	 1.15611	        -1053.65	         1012.97	        -40.6873
     806	 1.94834	 1.19291	        -1048.45	         1007.78	        -40.6743
     807	  1.9425	 1.21642	        -1045.37	         1004.77	        -40.6035
     808	  1.9427	 1.22064	        -1045.49	         1004.87	        -40.6133
     809	 1.94866	  1.2064	        -1048.64	         1007.94	        -40.7005
     810	   1.958	 1.18119	        -1053.49	         1012.74	        -40.7483
     811	 1.96869	 1.15106	           -1059	         1018.24	        -40.7606
     812	 1.97949	  1.1198	        -1064.58	          1023.8	        -40.7823
     813	 1.98922	 1.09138	         -1069.6	         1028.81	        -40.7892
     814	 1.99717	 1.06842	        -1073.67	          1032.9	         -40.768
     815	 2.00333	 1.05109	        -1076.82	         1036.07	         -40.748
     816	 2.00788	 1.03909	        -1079.15	         1038.41	        -40.7436
     817	 2.01074	 1.03278	        -1080.61	         1039.88	        -40.7358
     818	 2.01199	 1.03203	        -1081.22	         1040.52	        -40.6986
     819	 2.01244	 1.03453	        -1081.39	         1040.75	        -40.6358
     820	 2.01341	 1.03638	        -1081.85	         1041.25	        -40.5971
     821	 2.01548	 1.03578	        -1082.95	         1042.32	         -40.628
     822	  2.0175	 1.03623	        -1084.07	         1043.36	         -40.709
     823	 2.01701	 1.04492	        -1083.89	         1043.11	        -40.7846
     824	 2.01175	 1.06837	        -1081.22	          1040.4	        -40.8236
     825	 2.00058	 1.10953	        -1075.47	         1034.65	        -40.8201
     826	 1.98393	 1.16682	        -1066.85	         1026.09	        -40.7644
     827	 1.96405	 1.23338	        -1056.49	         1015.86	        -40.6374
     828	 1.94516	 1.29646	        -1046.62	         1006.14	        -40.4786
     829	 1.93194	 1.34165	        -1039.77	         999.339	        -40.4296
     830	 1.92611	  1.3635	        -1036.87	         996.339	        -40.5323
     831	 1.92562	 1.36833	        -1036.71	         996.084	        -40.6304
     832	 1.92801	 1.36351	        -1037.95	         997.314	        -40.6326
     833	 1.93279	 1.35036	        -1040.38	         999.776	         -40.602
     834	 1.94029	 1.32796	        -1044.25	         1003.63	        -40.6195
     835	  1.9497	 1.29894	        -1049.16	         1008.47	        -40.6883
     836	 1.95888	 1.26983	        -1053.95	          1013.2	        -40.7545
     837	 1.96569	 1.24705	        -1057.48	          1016.7	        -40.7786
     838	 1.96909	 1.23364	        -1059.22	         1018.45	        -40.7634
     839	 1.96928	 1.22898	        -1059.27	         1018.55	        -40.7221
     840	 1.96746	 1.22959	        -1058.26	         1017.61	        -40.6484
     841	 1.96594	 1.22899	        -1057.37	         1016.83	        -40.5405
     842	  1.9677	  1.2184	        -1058.19	         1017.74	        -40.4578
     843	 1.97481	 1.19178	        -1061.87	         1021.39	        -40.4841
     844	 1.98635	 1.15189	        -1067.94	         1027.33	        -40.6075
     845	 1.99883	 1.10937	        -1074.49	         1033.75	        -40.7371
     846	 2.00836	 1.07569	        -1079.46	         1038.66	        -40.8063
     847	 2.01268	  1.0575	        -1081.68	         1040.88	        -40.8056
     848	 2.01156	 1.05535	        -1081.06	          1040.3	        -40.7558
     849	 2.00638	 1.06511	        -1078.32	         1037.64	        -40.6814
     850	  1.9994	    1.08	        -1074.65	         1034.04	        -40.6022
     851	 1.99306	 1.09263	        -1071.32	         1030.78	        -40.5407
     852	 1.98928	 1.09717	        -1069.36	         1028.84	        -40.5244
     853	 1.98867	 1.09167	        -1069.09	         1028.52	        -40.5637
     854	 1.99032	 1.07878	           -1070	         1029.37	        -40.6255
     855	 1.99273	 1.06316	        -1071.27	         1030.61	        -40.6586
     856	 1.99505	 1.04757	        -1072.45	          1031.8	        -40.6457
     857	 1.99754	 1.03146	         -1073.7	         1033.09	         -40.618
     858	 2.00081	 1.01324	         -1075.4	         1034.77	        -40.6281
     859	  2.0045	0.994135	        -1077.36	         1036.67	        -40.6945
     860	 2.00691	0.979362	        -1078.68	         1037.91	         -40.769
     861	 2.00621	0.974461	        -1078.34	         1037.55	        -40.7845
     862	 2.00209	0.980355	        -1076.16	         1035.43	        -40.7326
     863	 1.99594	0.992672	        -1072.93	         1032.26	        -40.6662
     864	 1.98972	  1.0055	        -1069.68	         1029.06	        -40.6193
     865	 1.98502	 1.01412	        -1067.22	         1026.64	        -40.5765
     866	 1.98319	 1.01449	        -1066.24	          1025.7	        -40.5362
     867	 1.98527	 1.00345	         -1067.3	         1026.77	        -40.5281
     868	 1.99134	0.980765	        -1070.47	          1029.9	        -40.5704
     869	 2.00005	0.950532	        -1075.03	         1034.38	        -40.6514
     870	 2.00897	0.920056	         -1079.7	         1038.97	        -40.7271
     871	 2.01581	0.896316	        -1083.24	         1042.49	        -40.7511
     872	 2.01957	0.882327	        -1085.14	         1044.42	        -40.7178
     873	  2.0208	0.876525	        -1085.72	         1045.06	        -40.6596
     874	 2.02079	0.875147	        -1085.67	         1045.05	        -40.6169
     875	  2.0205	0.875341	        -1085.51	          1044.9	        -40.6063
     876	 2.02011	0.876551	        -1085.32	          1044.7	         -40.616
     877	 2.01927	0.879721	        -1084.89	         1044.27	        -40.6246
     878	 2.01766	0.885626	        -1084.05	         1043.44	        -40.6134
     879	 2.01552	0.893453	        -1082.92	         1042.34	        -40.5803
     880	 2.01363	0.900712	        -1081.91	         1041.37	        -40.5453
     881	 2.01285	0.904779	         -1081.5	         1040.97	        -40.5331
     882	 2.01346	0.904842	        -1081.83	         1041.28	        -40.5555
     883	  2.0148	0.902792	        -1082.57	         1041.97	        -40.6042
     884	 2.01558	0.902567	        -1083.02	         1042.37	        -40.6571
     885	 2.01437	 0.90836	        -1082.44	         1041.75	        -40.6909
     886	 2.01035	0.922701	        -1080.37	         1039.68	        -40.6929
     887	 2.00356	 0.94538	        -1076.85	         1036.19	        -40.6643
     888	 1.99498	0.973525	        -1072.38	         1031.77	        -40.6158
     889	 1.98615	 1.00249	        -1067.79	         1027.23	        -40.5613
     890	 1.97884	  1.0271	        -1063.98	         1023.46	        -40.5173
     891	 1.97441	 1.04322	        -1061.69	         1021.19	        -40.5048
     892	 1.97332	 1.04942	        -1061.17	         1020.63	        -40.5381
     893	  1.9748	 1.04798	        -1061.99	         1021.39	        -40.6006
     894	 1.97727	 1.04352	        -1063.31	         1022.66	        -40.6493
     895	 1.97949	 1.03976	        -1064.46	          1023.8	        -40.6602
     896	 1.98109	 1.03774	        -1065.28	         1024.63	        -40.6555
     897	 1.98211	  1.0373	        -1065.82	         1025.15	        -40.6685
     898	 1.98222	 1.03941	         -1065.9	         1025.21	        -40.6939
     899	 1.98092	 1.04572	        -1065.23	         1024.54	        -40.6977
     900	 1.97824	 1.05617	        -1063.82	         1023.16	        -40.6586
     901	 1.97531	  1.0675	        -1062.25	         1021.65	        -40.6016
     902	 1.97354	 1.07537	        -1061.33	         1020.74	        -40.5923
     903	 1.97314	 1.07912	        -1061.19	         1020.53	        -40.6562
     904	 1.97251	 1.08346	        -1060.95	         1020.21	        -40.7427
     905	 1.96942	 1.09484	        -1059.42	         1018.62	        -40.8012
     906	 1.96239	 1.11726	        -1055.82	         1015.01	        -40.8168
     907	 1.95138	 1.15061	        -1050.12	         1009.34	        -40.7803
     908	 1.93813	 1.18961	        -1043.19	         1002.52	        -40.6699
     909	 1.92646	 1.22295	        -1037.04	         996.518	        -40.5254
     910	 1.92062	 1.23765	        -1034.01	         993.513	        -40.4916
     911	 1.92201	 1.22955	         -1034.8	         994.227	        -40.5706
     912	 1.92916	 1.20353	        -1038.51	         997.904	        -40.6042
     913	 1.94099	 1.16291	        -1044.57	         1003.99	        -40.5784
     914	 1.95737	 1.10802	        -1053.03	         1012.42	        -40.6151
     915	 1.97659	 1.04418	        -1063.06	         1022.31	        -40.7441
     916	 1.99479	0.983523	        -1072.53	         1031.67	        -40.8543
     917	 2.00844	0.936922	        -1079.57	          1038.7	        -40.8721
     918	 2.01655	0.907677	        -1083.67	         1042.87	        -40.7983
     919	 2.02079	0.891212	        -1085.73	         1045.05	        -40.6802
     920	 2.02411	0.879097	        -1087.36	         1046.76	        -40.5993
     921	 2.02858	0.865467	        -1089.65	         1049.06	        -40.5943
     922	 2.03432	0.850303	        -1092.65	         1052.01	        -40.6421
     923	 2.03978	0.838125	        -1095.54	         1054.82	        -40.7235
     924	 2.04253	0.836014	        -1097.04	         1056.23	        -40.8084
     925	 2.04026	0.850657	        -1095.91	         1055.07	        -40.8406
     926	 2.03225	0.883941	        -1091.74	         1050.95	        -40.7896
     927	 2.02007	0.930794	        -1085.37	         1044.68	        -40.6931
     928	 2.00656	0.982224	        -1078.35	         1037.73	         -40.621
     929	  1.9942	  1.0306	        -1071.95	         1031.37	        -40.5762
     930	  1.9847	  1.0706	        -1067.02	         1026.48	        -40.5358
     931	 1.97912	 1.09861	        -1064.16	         1023.61	        -40.5536
     932	 1.97675	 1.11623	        -1063.04	         1022.39	        -40.6478
     933	   1.975	 1.13109	        -1062.23	         1021.49	        -40.7381
     934	  1.9712	 1.15079	        -1060.31	         1019.54	        -40.7721
     935	 1.96422	 1.17832	         -1056.7	         1015.95	        -40.7541
     936	 1.95471	 1.21161	        -1051.74	         1011.05	        -40.6845
     937	 1.94505	 1.24365	        -1046.64	         1006.08	        -40.5614
     938	   1.939	 1.26329	        -1043.42	         1002.97	        -40.4467
     939	 1.93984	 1.26076	        -1043.83	          1003.4	        -40.4302
     940	 1.94824	 1.23431	        -1048.21	         1007.72	        -40.4904
     941	 1.96255	 1.18924	        -1055.65	         1015.08	         -40.562
     942	 1.98026	 1.13321	        -1064.83	          1024.2	        -40.6384
     943	 1.99855	 1.07488	        -1074.33	         1033.61	        -40.7253
     944	 2.01438	 1.02369	        -1082.56	         1041.75	        -40.8125
     945	 2.02484	0.988568	        -1088.02	         1047.14	        -40.8791
     946	 2.02788	 0.97589	         -1089.6	          1048.7	        -40.8998
     947	 2.02296	0.987272	        -1087.02	         1046.16	        -40.8557
     948	  2.0116	 1.01814	        -1081.07	         1040.32	        -40.7489
     949	 1.99724	 1.05817	        -1073.54	         1032.93	        -40.6125
     950	 1.98414	 1.09439	         -1066.7	         1026.19	        -40.5017
     951	 1.97596	 1.11576	        -1062.44	         1021.99	        -40.4492
     952	 1.97475	 1.11621	         -1061.8	         1021.36	        -40.4353
     953	 1.98118	 1.09392	        -1065.12	         1024.67	        -40.4493
     954	 1.99447	 1.05115	        -1072.05	         1031.51	        -40.5392
     955	 2.01154	 0.99722	           -1081	         1040.29	        -40.7074
     956	 2.02722	0.947787	        -1089.22	         1048.36	        -40.8598
     957	 2.03673	0.917361	        -1094.17	         1053.25	        -40.9175
     958	 2.03784	 0.91263	         -1094.7	         1053.82	        -40.8746
     959	 2.03131	0.931342	        -1091.23	         1050.46	         -40.766
     960	 2.02002	 0.96496	        -1085.29	         1044.65	        -40.6386
     961	 2.00755	 1.00271	        -1078.78	         1038.24	        -40.5364
     962	 1.99688	 1.03553	        -1073.24	         1032.75	        -40.4882
     963	 1.98948	 1.05871	        -1069.44	         1028.94	        -40.4979
     964	 1.98521	 1.07237	        -1067.29	         1026.74	        -40.5419
     965	 1.98293	 1.07968	        -1066.16	         1025.57	        -40.5854
     966	 1.98144	 1.08404	         -1065.4	          1024.8	         -40.602
     967	 1.98024	 1.08684	        -1064.77	         1024.19	        -40.5833
     968	 1.97981	 1.08676	        -1064.51	         1023.96	        -40.5431
     969	 1.98115	 1.08082	        -1065.17	         1024.65	         -40.512
     970	 1.98505	 1.06679	        -1067.17	         1026.66	        -40.5121
     971	 1.99153	 1.04483	        -1070.52	         1029.99	        -40.5302
     972	 2.00011	 1.01661	        -1074.95	         1034.41	        -40.5356
     973	 2.01051	 0.98324	        -1080.29	         1039.76	        -40.5273
     974	 2.02259	0.945271	        -1086.51	         1045.97	        -40.5402
     975	 2.03561	 0.90504	        -1093.26	         1052.68	        -40.5894
     976	 2.04797	0.867579	        -1099.68	         1059.03	        -40.6417
     977	 2.05796	0.838132	        -1104.83	         1064.18	        -40.6591
     978	 2.06479	0.819207	        -1108.33	         1067.69	        -40.6371
     979	 2.06876	0.810036	        -1110.33	         1069.73	        -40.5978
     980	 2.07072	0.808159	        -1111.31	         1070.74	        -40.5668
     981	 2.07144	0.811416	        -1111.67	         1071.11	        -40.5577
     982	 2.07116	0.819089	        -1111.54	         1070.97	         -40.571
     983	 2.06957	0.832022	        -1110.75	         1070.15	        -40.6006
     984	 2.06598	0.852138	        -1108.93	          1068.3	        -40.6369
     985	 2.05955	0.881606	        -1105.66	         1064.99	        -40.6689
     986	 2.04969	0.921884	        -1100.61	         1059.92	        -40.6869
     987	 2.03629	0.972892	        -1093.71	         1053.02	        -40.6863
     988	 2.01988	 1.03259	        -1085.25	         1044.58	        -40.6659
     989	  2.0017	 1.09687	        -1075.85	         1035.23	        -40.6235
     990	 1.98369	  1.1596	        -1066.52	         1025.96	        -40.5597
     991	 1.96836	 1.21306	        -1058.57	         1018.08	        -40.4929
     992	 1.95815	 1.24979	        -1053.28	         1012.82	        -40.4622
     993	 1.95432	  1.2659	        -1051.34	         1010.85	        -40.4957
     994	 1.95626	 1.26325	        -1052.43	         1011.85	        -40.5798
     995	 1.96181	 1.24838	        -1055.38	         1014.71	         -40.675
     996	 1.96835	 1.22926	        -1058.81	         1018.07	        -40.7396
     997	   1.974	  1.2117	        -1061.72	         1020.97	        -40.7493
     998	 1.97833	 1.19724	        -1063.92	          1023.2	        -40.7148
     999	 1.98208	 1.18393	        -1065.81	         1025.13	        -40.6763
