    Step 	 temperature 	 pressure 	 Potential Energy 	 Kinetic Energy 	 Sum Energy

       0	 2.20021	-1.49833	         -728.72	         721.564	         -7.1555
       1	 2.20038	-1.49505	          -728.8	         721.617	          -7.183
       2	 2.20074	-1.48458	        -728.923	         721.735	        -7.18784
       3	 2.20104	-1.46638	        -729.029	         721.833	        -7.19634
       4	 2.20096	-1.43945	        -729.015	         721.806	         -7.2093
       5	 2.20001	 -1.4023	        -728.725	         721.497	        -7.22781
       6	 2.19749	-1.35291	        -727.936	         720.683	         -7.2533
       7	 2.19247	-1.28853	        -726.343	         719.056	        -7.28721
       8	 2.18371	-1.20573	        -723.546	         716.216	        -7.33018
       9	 2.16968	-1.10039	        -719.052	         711.672	        -7.38003
      10	 2.14876	-0.968274	        -712.322	         704.894	        -7.42835
      11	 2.11961	-0.806213	        -702.907	         695.449	        -7.45846
      12	 2.08191	-0.614231	        -690.687	         683.233	        -7.45334
      13	 2.03693	-0.397318	        -676.077	          668.66	        -7.41705
      14	 1.98722	-0.164561	        -659.933	         652.556	        -7.37721
      15	 1.93558	0.0742461	        -643.166	         635.823	        -7.34253
      16	  1.8846	0.309939	        -626.597	         619.305	        -7.29163
      17	 1.83728	0.532124	        -611.197	         603.975	          -7.222
      18	 1.79708	0.729146	        -598.111	         590.951	        -7.16029
      19	 1.76694	0.891169	        -588.311	         581.183	        -7.12775
      20	 1.74841	 1.01279	        -582.305	          575.18	        -7.12516
      21	 1.74159	 1.09327	        -580.115	         572.972	        -7.14273
      22	 1.74551	  1.1354	        -581.413	         574.242	        -7.17131
      23	 1.75855	 1.14416	        -585.672	         578.466	        -7.20596
      24	 1.77871	 1.12592	        -592.242	         584.997	        -7.24501
      25	 1.80377	 1.08797	        -600.404	         593.117	        -7.28677
      26	 1.83141	 1.03804	        -609.399	         602.071	        -7.32764
      27	 1.85938	0.983669	        -618.496	         611.134	        -7.36154
      28	 1.88582	0.931288	        -627.086	         619.703	        -7.38329
      29	 1.90948	0.885514	         -634.76	         627.368	        -7.39206
      30	 1.92973	0.848973	        -641.321	         633.928	         -7.3934
      31	 1.94635	0.822952	        -646.711	         639.314	        -7.39693
      32	 1.95917	0.808508	        -650.878	         643.468	        -7.40972
      33	 1.96776	0.807264	        -653.683	         646.249	        -7.43314
      34	 1.97137	0.821513	        -654.885	          647.42	        -7.46504
      35	 1.96913	0.853747	        -654.193	         646.695	        -7.49727
      36	  1.9605	0.905386	        -651.405	         643.898	        -7.50737
      37	 1.94624	 0.97396	        -646.743	         639.277	        -7.46526
      38	 1.92942	  1.0501	        -641.207	         633.827	        -7.37979
      39	 1.91457	 1.11967	        -636.344	         629.015	        -7.32913
      40	 1.90456	 1.17329	         -633.14	         625.774	        -7.36624
      41	 1.89883	 1.21237	        -631.337	         623.915	        -7.42189
      42	 1.89574	 1.24165	        -630.326	         622.914	        -7.41226
      43	 1.89557	 1.25998	        -630.234	          622.86	        -7.37334
      44	 1.89947	 1.26378	        -631.505	         624.125	        -7.37995
      45	   1.907	 1.25484	        -633.981	         626.564	        -7.41698
      46	 1.91643	 1.23883	        -637.054	         629.618	        -7.43623
      47	 1.92659	 1.21962	        -640.337	          632.91	        -7.42647
      48	 1.93756	 1.19743	        -643.868	         636.465	        -7.40332
      49	    1.95	  1.1707	        -647.892	         640.497	         -7.3952
      50	 1.96395	  1.1397	        -652.443	         645.016	        -7.42679
      51	  1.9778	 1.10941	        -656.998	         649.504	        -7.49471
      52	 1.98858	 1.08891	        -660.553	         652.997	        -7.55652
      53	 1.99374	 1.08601	        -662.233	         654.667	        -7.56584
      54	  1.9929	 1.10177	        -661.926	         654.395	        -7.53078
      55	 1.98749	 1.13154	        -660.159	         652.641	        -7.51747
      56	 1.97837	 1.17217	        -657.235	         649.686	        -7.54864
      57	 1.96522	 1.22435	        -652.973	         645.426	         -7.5475
      58	 1.94917	 1.28437	        -647.683	         640.227	         -7.4563
      59	 1.93477	 1.33825	        -642.889	         635.561	        -7.32814
      60	 1.92766	 1.36859	         -640.54	         633.258	        -7.28242
      61	 1.93001	 1.36875	        -641.365	         634.018	        -7.34735
      62	 1.93951	 1.34605	        -644.501	         637.097	        -7.40402
      63	 1.95339	 1.30896	        -648.993	         641.593	         -7.4006
      64	 1.97046	 1.26074	        -654.538	         647.124	        -7.41348
      65	 1.98906	 1.20654	         -660.62	          653.15	        -7.46985
      66	 2.00608	 1.15616	        -666.177	         658.667	        -7.50959
      67	 2.01904	 1.11738	        -670.363	         662.865	        -7.49799
      68	 2.02751	 1.09158	        -673.068	         665.608	        -7.45973
      69	 2.03238	 1.07617	         -674.62	         667.187	        -7.43313
      70	 2.03438	  1.0691	        -675.266	         667.834	        -7.43227
      71	 2.03337	 1.07068	        -674.951	         667.509	         -7.4424
      72	 2.02892	 1.08214	        -673.508	         666.067	        -7.44051
      73	 2.02113	 1.10293	         -670.96	         663.543	        -7.41715
      74	 2.01108	 1.12965	        -667.667	         660.287	        -7.37953
      75	 2.00058	 1.15687	        -664.223	         656.882	        -7.34086
      76	 1.99156	 1.17887	        -661.269	          653.96	        -7.30927
      77	 1.98572	 1.19081	        -659.353	         652.068	         -7.2856
      78	 1.98431	 1.18919	        -658.884	         651.613	         -7.2712
      79	 1.98801	 1.17225	        -660.086	         652.811	        -7.27474
      80	  1.9965	 1.14111	        -662.868	         655.563	        -7.30511
      81	 2.00823	 1.10059	        -666.717	         659.363	        -7.35404
      82	 2.02082	 1.05801	        -670.835	          663.44	        -7.39479
      83	 2.03217	 1.01976	        -674.524	         667.118	        -7.40599
      84	 2.04142	0.988582	        -677.506	         670.115	        -7.39026
      85	 2.04887	0.963674	        -679.897	         672.529	        -7.36805
      86	 2.05521	0.943055	        -681.941	         674.585	        -7.35588
      87	 2.06086	0.925609	        -683.769	         676.414	        -7.35562
      88	 2.06577	 0.91149	        -685.366	         678.005	        -7.36067
      89	 2.06971	0.901474	        -686.647	          679.28	        -7.36683
      90	 2.07238	0.896455	        -687.521	         680.146	        -7.37529
      91	 2.07344	0.897531	         -687.88	         680.491	        -7.38954
      92	 2.07236	0.906339	        -687.553	         680.141	        -7.41129
      93	 2.06838	 0.92514	        -686.289	         678.851	        -7.43758
      94	 2.06064	0.956361	        -683.805	         676.343	        -7.46202
      95	 2.04848	 1.00172	        -679.879	         672.402	        -7.47669
      96	 2.03178	 1.06114	        -674.467	         666.994	        -7.47319
      97	 2.01139	  1.1317	        -667.832	         660.386	         -7.4455
      98	 1.98925	 1.20707	        -660.612	         653.212	        -7.39969
      99	 1.96808	 1.27852	        -653.713	         646.352	        -7.36104
     100	 1.95025	 1.33824	        -647.936	         640.576	        -7.35924
     101	 1.93666	  1.3829	        -643.567	         636.175	        -7.39187
     102	 1.92687	 1.41344	        -640.416	         633.002	        -7.41437
     103	 1.92074	 1.43018	        -638.401	         631.017	        -7.38476
     104	 1.91992	 1.42844	        -638.069	         630.749	        -7.32028
     105	 1.92696	 1.40093	        -640.321	         633.032	        -7.28901
     106	 1.94273	 1.34573	        -645.476	         638.139	        -7.33675
     107	 1.96459	 1.27142	        -652.661	         645.223	        -7.43864
     108	 1.98749	 1.19377	        -660.173	         652.642	         -7.5306
     109	 2.00659	 1.12767	        -666.401	         658.831	        -7.56965
     110	 2.01929	 1.08118	        -670.501	         662.946	        -7.55586
     111	 2.02545	 1.05496	        -672.455	          664.94	        -7.51458
     112	 2.02646	 1.04501	         -672.74	         665.269	        -7.47124
     113	 2.02413	 1.04601	        -671.958	         664.514	         -7.4441
     114	 2.01975	 1.05397	         -670.54	         663.094	        -7.44579
     115	 2.01353	 1.06795	        -668.552	          661.08	        -7.47145
     116	 2.00495	 1.08942	        -665.781	         658.301	        -7.48015
     117	 1.99432	  1.1176	        -662.285	         654.854	        -7.43053
     118	 1.98393	 1.14554	        -658.856	         651.489	        -7.36653
     119	 1.97632	 1.16539	        -656.392	         649.024	        -7.36731
     120	 1.97159	 1.17689	        -654.901	         647.492	        -7.40874
     121	 1.96811	  1.1849	         -653.79	         646.362	        -7.42738
     122	 1.96487	 1.19201	        -652.727	         645.312	        -7.41472
     123	 1.96229	 1.19679	        -651.862	         644.479	        -7.38342
     124	 1.96184	 1.19507	         -651.67	         644.331	        -7.33897
     125	  1.9655	 1.18123	        -652.816	         645.519	        -7.29781
     126	  1.9749	 1.15074	        -655.861	         648.563	        -7.29776
     127	 1.98972	 1.10481	        -660.722	         653.364	        -7.35779
     128	 2.00712	 1.05231	        -666.446	         659.003	        -7.44235
     129	 2.02319	 1.00539	        -671.706	         664.208	        -7.49801
     130	 2.03507	0.972922	        -675.564	         668.058	        -7.50612
     131	  2.0419	 0.95779	        -677.764	          670.27	        -7.49338
     132	 2.04379	0.959727	        -678.388	         670.885	        -7.50243
     133	  2.0403	0.979993	        -677.297	         669.753	        -7.54369
     134	 2.03004	 1.02237	        -674.008	         666.427	        -7.58053
     135	 2.01218	 1.08881	        -668.205	         660.642	        -7.56306
     136	 1.98842	 1.17365	        -660.417	         652.943	          -7.474
     137	  1.9634	  1.2623	        -652.201	         644.839	        -7.36293
     138	 1.94249	 1.33787	        -645.381	         638.064	        -7.31693
     139	 1.92831	 1.39182	        -640.828	         633.468	        -7.36008
     140	 1.91972	 1.42702	        -638.112	         630.685	        -7.42704
     141	 1.91425	 1.45054	        -636.362	         628.913	        -7.44962
     142	 1.91079	  1.4654	        -635.219	         627.791	        -7.42792
     143	 1.90983	 1.47005	        -634.891	         627.479	        -7.41202
     144	 1.91175	 1.46353	        -635.531	         628.103	        -7.42785
     145	 1.91594	  1.4482	        -636.904	         629.461	        -7.44283
     146	 1.92185	 1.42626	        -638.799	         631.375	        -7.42337
     147	 1.92999	 1.39642	        -641.414	         634.012	        -7.40193
     148	 1.94074	 1.35761	        -644.921	         637.495	        -7.42625
     149	 1.95277	 1.31411	        -648.866	         641.392	        -7.47384
     150	 1.96379	 1.27307	         -652.46	         644.964	        -7.49608
     151	 1.97248	 1.23871	        -655.256	         647.778	        -7.47796
     152	 1.97927	 1.21008	         -657.41	          649.98	        -7.43095
     153	 1.98595	 1.18249	        -659.525	         652.142	        -7.38238
     154	 1.99432	 1.15108	        -662.224	         654.857	        -7.36759
     155	 2.00476	 1.11528	        -665.644	         658.238	        -7.40579
     156	  2.0154	 1.08098	        -669.162	         661.684	        -7.47792
     157	 2.02296	 1.05814	        -671.675	         664.134	        -7.54126
     158	 2.02455	 1.05531	        -672.212	         664.648	        -7.56419
     159	 2.01909	 1.07549	        -670.421	         662.881	        -7.54068
     160	 2.00766	 1.11516	        -666.666	         659.177	        -7.48967
     161	 1.99266	 1.16667	        -661.759	         654.317	        -7.44209
     162	 1.97657	  1.2221	        -656.518	         649.105	        -7.41274
     163	 1.96128	 1.27538	        -651.537	          644.15	        -7.38687
     164	 1.94846	 1.32113	        -647.344	         639.997	         -7.3468
     165	  1.9401	 1.35309	        -644.593	         637.289	        -7.30394
     166	 1.93799	 1.36572	        -643.893	         636.604	        -7.28911
     167	  1.9425	 1.35783	        -645.385	         638.066	        -7.31934
     168	 1.95199	  1.3344	        -648.523	         641.141	        -7.38163
     169	 1.96336	 1.30483	        -652.272	         644.824	        -7.44766
     170	  1.9733	 1.27907	         -655.54	         648.045	        -7.49459
     171	 1.97942	 1.26432	        -657.541	         650.029	        -7.51243
     172	 1.98079	 1.26342	        -657.971	          650.47	        -7.50109
     173	 1.97792	 1.27473	        -657.013	         649.542	        -7.47072
     174	 1.97236	 1.29347	        -655.178	         647.739	        -7.43908
     175	 1.96586	 1.31407	        -653.049	         645.635	        -7.41424
     176	 1.96008	  1.3314	        -651.148	         643.761	        -7.38769
     177	 1.95659	 1.34041	        -649.996	         642.632	        -7.36363
     178	 1.95659	 1.33722	        -650.001	          642.63	        -7.37102
     179	 1.95982	 1.32228	        -651.088	         643.676	        -7.41177
     180	 1.96466	 1.30043	         -652.69	         645.245	        -7.44528
     181	 1.96963	 1.27611	        -654.297	         646.856	        -7.44184
     182	 1.97462	 1.24971	        -655.881	         648.471	        -7.41001
     183	 1.98061	 1.21844	        -657.795	         650.414	        -7.38087
     184	 1.98853	 1.17989	        -660.355	         652.981	        -7.37447
     185	 1.99843	  1.1345	        -663.569	         656.186	        -7.38308
     186	 2.00962	 1.08483	         -667.21	         659.812	        -7.39799
     187	 2.02102	 1.03454	        -670.933	         663.507	        -7.42615
     188	 2.03104	0.988721	        -674.222	         666.754	        -7.46816
     189	 2.03767	0.953587	        -676.415	         668.899	        -7.51555
     190	 2.03888	0.935014	        -676.852	         669.293	         -7.5596
     191	 2.03348	0.936559	        -675.101	         667.544	        -7.55705
     192	 2.02333	0.953493	        -671.664	         664.254	        -7.40985
     193	 2.01628	0.963295	        -669.133	          661.97	        -7.16286
     194	 2.02212	0.935751	        -671.024	         663.863	        -7.16055
     195	 2.04083	 0.87101	        -677.328	         669.925	        -7.40298
     196	 2.06253	0.799707	        -684.506	         676.956	        -7.55031
     197	 2.07906	 0.74544	        -689.869	         682.311	        -7.55854
     198	 2.08803	0.714771	         -692.74	         685.218	        -7.52211
     199	    2.09	0.706308	        -693.342	         685.856	        -7.48619
     200	 2.08619	0.716743	        -692.082	         684.621	         -7.4608
     201	 2.07774	 0.74273	        -689.329	         681.883	        -7.44667
     202	 2.06561	0.781244	        -685.389	         677.954	        -7.43448
     203	 2.05099	 0.82861	         -680.62	         673.217	        -7.40328
     204	 2.03597	0.878398	        -675.693	         668.351	        -7.34204
     205	 2.02377	0.920814	        -671.676	         664.396	        -7.27983
     206	 2.01729	0.946776	        -669.569	         662.296	        -7.27251
     207	 2.01702	 0.95452	        -669.537	         662.209	        -7.32799
     208	 2.02081	0.950421	        -670.823	         663.439	        -7.38389
     209	 2.02614	 0.94195	        -672.563	         665.165	        -7.39772
     210	  2.0318	0.932476	        -674.391	         666.999	        -7.39291
     211	 2.03738	0.923196	        -676.204	         668.805	        -7.39889
     212	 2.04224	0.916186	        -677.791	          670.38	        -7.41092
     213	 2.04559	0.914016	        -678.883	         671.465	        -7.41739
     214	 2.04687	0.918436	        -679.304	         671.882	         -7.4217
     215	 2.04574	0.930588	        -678.946	         671.514	        -7.43181
     216	 2.04175	0.951799	        -677.669	         670.222	        -7.44664
     217	 2.03445	0.983411	        -675.313	         667.859	        -7.45421
     218	 2.02386	 1.02536	        -671.865	         664.425	        -7.43916
     219	 2.01096	 1.07454	        -667.647	         660.248	         -7.3986
     220	 1.99778	 1.12476	        -663.331	         655.978	         -7.3536
     221	 1.98639	 1.16955	        -659.622	         652.286	        -7.33608
     222	 1.97765	 1.20607	         -656.81	         649.455	        -7.35523
     223	 1.97091	  1.2361	        -654.659	         647.271	        -7.38844
     224	 1.96481	 1.26351	        -652.707	         645.295	        -7.41199
     225	 1.95832	 1.29118	        -650.616	         643.193	        -7.42312
     226	 1.95097	 1.32028	        -648.243	         640.809	        -7.43425
     227	 1.94247	 1.35138	        -645.508	         638.056	        -7.45164
     228	 1.93266	 1.38479	        -642.333	         634.876	        -7.45697
     229	 1.92221	 1.41834	         -638.91	         631.492	        -7.41731
     230	 1.91365	 1.44435	        -636.066	         628.718	        -7.34783
     231	 1.91024	 1.45248	        -634.944	         627.615	        -7.32973
     232	 1.91314	 1.43901	        -635.924	         628.553	        -7.37171
     233	 1.92112	 1.40787	        -638.521	         631.137	        -7.38347
     234	  1.9336	 1.36094	        -642.519	         635.181	        -7.33717
     235	 1.95178	 1.29472	        -648.374	         641.074	        -7.29985
     236	 1.97631	 1.20764	         -656.35	         649.019	        -7.33011
     237	 2.00508	 1.10666	        -665.745	         658.341	        -7.40347
     238	 2.03414	 1.00439	        -675.216	         667.758	        -7.45889
     239	 2.06007	0.911738	        -683.632	         676.158	        -7.47311
     240	 2.08115	0.834504	        -690.453	         682.989	        -7.46375
     241	  2.0969	0.774854	        -695.546	          688.09	        -7.45564
     242	 2.10705	0.734127	         -698.84	         691.381	         -7.4591
     243	 2.11117	0.714091	        -700.182	         692.715	        -7.46738
     244	 2.10883	0.716178	        -699.421	         691.955	        -7.46523
     245	 2.10028	0.739663	        -696.624	         689.187	        -7.43763
     246	 2.08703	0.780051	        -692.275	         684.892	        -7.38355
     247	 2.07168	0.829354	        -687.247	         679.919	        -7.32868
     248	 2.05684	0.879454	        -682.419	         675.112	        -7.30639
     249	 2.04384	0.926093	        -678.216	         670.899	        -7.31651
     250	  2.0326	0.969098	        -674.595	         667.259	        -7.33566
     251	 2.02252	  1.0098	        -671.349	         663.993	        -7.35575
     252	 2.01286	 1.04983	        -668.247	         660.862	        -7.38538
     253	 2.00255	 1.09178	        -664.952	         657.523	        -7.42906
     254	 1.99014	 1.13941	        -660.979	         653.502	        -7.47664
     255	 1.97425	 1.19622	        -655.858	         648.354	        -7.50434
     256	 1.95472	 1.26225	        -649.501	         642.026	        -7.47421
     257	 1.93419	 1.32967	         -642.73	         635.372	        -7.35781
     258	  1.9186	 1.38071	        -637.541	         630.323	        -7.21784
     259	 1.91408	  1.3968	        -636.058	         628.858	        -7.20014
     260	 1.92153	  1.3753	        -638.582	         631.272	         -7.3091
     261	 1.93647	 1.33008	        -643.523	         636.112	        -7.41053
     262	 1.95384	 1.27626	        -649.187	         641.741	        -7.44579
     263	 1.97101	 1.22181	        -654.745	         647.303	        -7.44249
     264	 1.98709	 1.16972	        -659.955	         652.512	        -7.44259
     265	 2.00135	 1.12268	        -664.594	         657.133	        -7.46113
     266	 2.01255	 1.08488	        -668.246	         660.762	        -7.48357
     267	 2.01944	 1.06037	        -670.487	         662.995	         -7.4917
     268	 2.02155	 1.05071	        -671.155	         663.678	        -7.47682
     269	 2.01964	 1.05379	        -670.495	          663.06	        -7.43422
     270	 2.01585	 1.06343	        -669.203	         661.832	        -7.37148
     271	 2.01303	 1.07109	        -668.248	         660.919	        -7.32934
     272	 2.01297	 1.07128	        -668.249	         660.897	        -7.35157
     273	 2.01478	 1.06646	        -668.896	         661.485	        -7.41104
     274	 2.01599	 1.06403	        -669.319	         661.877	        -7.44155
     275	 2.01502	 1.06848	        -668.987	         661.562	         -7.4252
     276	 2.01215	 1.07875	        -668.023	         660.631	        -7.39209
     277	 2.00852	 1.09132	        -666.834	         659.457	        -7.37702
     278	 2.00474	 1.10442	        -665.627	          658.23	        -7.39634
     279	 2.00009	 1.12003	        -664.169	         656.724	        -7.44428
     280	 1.99292	 1.14298	        -661.892	         654.402	        -7.48944
     281	 1.98208	 1.17676	        -658.368	          650.89	        -7.47799
     282	 1.96913	 1.21716	        -654.066	         646.693	        -7.37238
     283	 1.95915	 1.24917	        -650.713	         643.462	        -7.25124
     284	 1.95706	 1.25778	        -650.054	         642.782	        -7.27228
     285	 1.96201	 1.24551	        -651.794	         644.385	        -7.40832
     286	  1.9683	 1.22958	        -653.936	         646.426	         -7.5096
     287	 1.97094	 1.22443	        -654.812	          647.28	        -7.53187
     288	 1.96831	 1.23438	        -653.923	         646.427	        -7.49658
     289	  1.9619	 1.25499	        -651.768	         644.352	        -7.41627
     290	 1.95546	 1.27526	        -649.586	         642.265	        -7.32099
     291	 1.95313	 1.28265	        -648.795	         641.509	        -7.28565
     292	 1.95645	 1.27232	        -649.927	         642.586	        -7.34055
     293	 1.96328	 1.25075	        -652.214	         644.797	        -7.41699
     294	 1.97017	 1.22808	        -654.486	         647.031	        -7.45544
     295	 1.97492	 1.21071	         -656.03	         648.571	        -7.45905
     296	 1.97688	 1.20058	         -656.65	         649.206	        -7.44495
     297	 1.97638	 1.19691	        -656.459	         649.041	        -7.41769
     298	 1.97437	 1.19704	        -655.777	         648.392	        -7.38541
     299	 1.97203	  1.1976	            -655	         647.633	        -7.36668
     300	 1.96997	 1.19683	        -654.338	         646.964	        -7.37389
     301	 1.96773	  1.1961	        -653.644	          646.24	        -7.40373
     302	 1.96394	 1.19939	        -652.456	         645.012	        -7.44331
     303	 1.95688	 1.21158	        -650.201	         642.726	         -7.4752
     304	 1.94538	 1.23585	        -646.475	         638.997	         -7.4777
     305	 1.92977	 1.27083	        -641.371	         633.942	        -7.42914
     306	 1.91282	 1.30808	        -635.775	         628.449	        -7.32605
     307	 1.89955	 1.33236	        -631.357	          624.15	        -7.20672
     308	 1.89545	 1.32711	        -629.959	         622.822	        -7.13703
     309	 1.90374	 1.28282	        -632.655	         625.509	        -7.14624
     310	 1.92414	 1.20082	         -639.32	         632.117	         -7.2027
     311	 1.95387	 1.08992	        -649.025	         641.751	         -7.2736
     312	 1.98907	0.962165	        -660.511	         653.156	        -7.35568
     313	 2.02527	0.831496	        -672.324	         664.883	         -7.4407
     314	 2.05794	0.712146	        -682.973	          675.47	        -7.50382
     315	 2.08357	0.615365	        -691.303	         683.774	        -7.52991
     316	 2.10034	 0.54722	        -696.728	         689.205	        -7.52366
     317	 2.10803	0.508831	        -699.196	         691.696	        -7.49973
     318	 2.10749	0.497978	        -698.993	         691.523	        -7.46974
     319	 2.10016	0.510542	        -696.583	         689.148	        -7.43518
     320	 2.08791	0.540874	        -692.569	          685.18	        -7.38919
     321	 2.07328	0.581308	        -687.766	         680.438	        -7.32781
     322	 2.05943	0.622196	        -683.216	         675.952	        -7.26403
     323	 2.04952	0.653921	        -679.968	         672.742	        -7.22628
     324	 2.04545	0.670601	         -678.66	          671.42	        -7.23921
     325	 2.04682	0.673122	        -679.168	         671.865	         -7.3028
     326	 2.05104	0.668995	        -680.621	         673.233	        -7.38796
     327	 2.05459	0.668516	        -681.834	         674.384	        -7.44981
     328	 2.05498	0.679068	        -681.965	         674.508	        -7.45751
     329	 2.05191	0.701371	         -680.94	         673.514	        -7.42625
     330	 2.04672	0.731247	        -679.235	         671.832	        -7.40218
     331	 2.04067	0.764844	        -677.268	         669.873	        -7.39544
     332	 2.03447	0.800042	        -675.242	         667.865	        -7.37633
     333	 2.02913	0.833683	        -673.475	         666.132	        -7.34273
     334	 2.02596	0.861461	        -672.428	         665.106	        -7.32264
     335	 2.02568	0.881054	        -672.343	         665.016	          -7.327
     336	 2.02789	0.893552	        -673.077	         665.732	        -7.34519
     337	 2.03145	0.902271	        -674.252	         666.885	        -7.36714
     338	 2.03496	 0.91131	        -675.413	         668.024	        -7.38898
     339	 2.03709	0.924719	         -676.12	         668.711	        -7.40819
     340	 2.03667	0.945928	        -676.001	         668.578	        -7.42324
     341	 2.03292	0.977344	        -674.793	          667.36	        -7.43274
     342	 2.02541	 1.02006	        -672.363	         664.928	        -7.43563
     343	 2.01421	 1.07365	        -668.731	           661.3	        -7.43152
     344	 1.99987	 1.13613	        -664.074	         656.654	        -7.42011
     345	 1.98342	 1.20401	        -658.724	         651.325	        -7.39953
     346	 1.96645	 1.27214	        -653.189	         645.824	        -7.36513
     347	 1.95116	 1.33359	        -648.189	          640.87	        -7.31863
     348	 1.94014	 1.38035	        -644.581	           637.3	        -7.28085
     349	 1.93536	 1.40629	        -643.035	         635.751	         -7.2841
     350	 1.93685	 1.41109	        -643.573	         636.236	        -7.33718
     351	 1.94247	 1.40112	         -645.46	         638.055	        -7.40568
     352	 1.94921	 1.38529	        -647.684	          640.24	        -7.44356
     353	 1.95519	  1.3693	        -649.609	         642.176	        -7.43304
     354	 1.96042	 1.35314	        -651.263	         643.872	        -7.39104
     355	 1.96628	 1.33296	        -653.118	         645.769	        -7.34921
     356	 1.97418	 1.30477	        -655.659	         648.331	        -7.32842
     357	 1.98477	 1.26711	        -659.088	          651.76	        -7.32758
     358	 1.99779	 1.22112	        -663.316	         655.981	        -7.33518
     359	 2.01259	 1.16928	         -668.12	         660.775	        -7.34545
     360	 2.02829	 1.11465	        -673.223	         665.862	        -7.36057
     361	 2.04384	 1.06092	        -678.281	         670.898	         -7.3829
     362	 2.05791	 1.01246	        -682.866	         675.457	        -7.40873
     363	 2.06912	0.973782	         -686.52	         679.092	         -7.4287
     364	 2.07645	0.948258	        -688.899	         681.464	        -7.43446
     365	 2.07953	0.937068	        -689.887	         682.462	        -7.42456
     366	 2.07877	0.939002	        -689.623	         682.217	        -7.40542
     367	 2.07507	0.951284	        -688.408	          681.02	        -7.38828
     368	 2.06934	   0.971	        -686.544	         679.162	        -7.38278
     369	 2.06207	0.996345	        -684.196	         676.806	        -7.39043
     370	 2.05329	 1.02688	        -681.364	         673.961	          -7.403
     371	 2.04287	 1.06261	        -677.994	         670.586	         -7.4082
     372	 2.03102	 1.10254	        -674.144	         666.746	        -7.39762
     373	 2.01861	 1.14375	        -670.095	         662.725	        -7.36975
     374	 2.00721	 1.18131	        -666.366	         659.033	        -7.33283
     375	 1.99867	 1.20954	        -663.572	         656.264	        -7.30873
     376	 1.99412	 1.22481	         -662.11	         654.792	        -7.31832
     377	 1.99328	 1.22794	        -661.877	         654.519	        -7.35811
     378	 1.99453	 1.22371	        -662.326	         654.924	        -7.40206
     379	   1.996	 1.21775	        -662.827	         655.401	        -7.42604
     380	 1.99661	 1.21339	         -663.02	         655.598	        -7.42265
     381	 1.99641	 1.21063	        -662.932	         655.532	         -7.3999
     382	 1.99631	 1.20697	         -662.87	         655.499	        -7.37091
     383	 1.99751	 1.19906	        -663.235	         655.889	        -7.34586
     384	 2.00104	 1.18413	        -664.362	         657.032	        -7.33081
     385	 2.00738	 1.16093	         -666.42	         659.088	        -7.33231
     386	 2.01624	 1.13055	        -669.311	         661.956	        -7.35511
     387	 2.02634	 1.09692	        -672.624	         665.231	        -7.39257
     388	 2.03584	 1.06576	        -675.737	         668.308	        -7.42885
     389	 2.04291	 1.04252	        -678.052	         670.599	        -7.45325
     390	 2.04629	  1.0309	        -679.161	         671.695	        -7.46635
     391	 2.04536	 1.03255	        -678.862	         671.392	        -7.46996
     392	  2.0401	 1.04718	        -677.149	         669.689	        -7.45951
     393	 2.03133	 1.07201	        -674.273	         666.848	        -7.42585
     394	 2.02095	 1.10101	        -670.851	         663.485	        -7.36689
     395	 2.01188	 1.12509	        -667.847	         660.546	        -7.30143
     396	 2.00716	 1.13488	        -666.278	         659.017	         -7.2612
     397	 2.00865	 1.12469	         -666.76	           659.5	        -7.26047
     398	  2.0164	  1.0945	        -669.296	         662.009	        -7.28647
     399	 2.02906	  1.0485	        -673.435	         666.112	        -7.32273
     400	 2.04464	0.992937	        -678.522	          671.16	        -7.36159
     401	 2.06097	 0.93468	        -683.846	         676.451	         -7.3952
     402	 2.07614	0.879888	        -688.781	         681.366	        -7.41489
     403	 2.08889	 0.83281	        -692.915	         685.495	        -7.42002
     404	 2.09863	0.795573	         -696.07	         688.652	        -7.41857
     405	 2.10518	0.769075	        -698.193	         690.775	        -7.41802
     406	 2.10845	0.753861	        -699.249	         691.833	        -7.41642
     407	 2.10846	0.749981	        -699.244	         691.837	        -7.40739
     408	 2.10558	0.756355	        -698.296	         690.905	        -7.39131
     409	  2.1005	 0.77085	        -696.633	         689.258	        -7.37461
     410	 2.09398	0.791024	        -694.508	         687.146	        -7.36189
     411	 2.08666	0.814735	        -692.129	         684.774	        -7.35489
     412	 2.07897	0.840402	        -689.636	         682.282	         -7.3537
     413	 2.07113	0.867035	        -687.096	         679.741	        -7.35458
     414	  2.0633	0.893825	        -684.555	         677.205	        -7.35024
     415	 2.05586	0.919377	        -682.133	         674.795	        -7.33745
     416	 2.04947	0.941486	        -680.049	         672.724	        -7.32446
     417	 2.04473	0.958151	         -678.51	         671.189	        -7.32142
     418	 2.04186	0.968705	        -677.583	         670.258	        -7.32469
     419	 2.04078	0.973468	        -677.234	          669.91	        -7.32397
     420	 2.04147	0.972674	        -677.455	         670.133	        -7.32141
     421	 2.04386	0.966688	        -678.237	         670.907	        -7.32971
     422	 2.04741	0.957336	        -679.411	         672.058	        -7.35309
     423	   2.051	0.948265	        -680.601	         673.219	         -7.3816
     424	  2.0533	0.943661	        -681.367	         673.965	        -7.40162
     425	  2.0534	0.946504	        -681.403	         673.996	        -7.40738
     426	 2.05103	0.957705	        -680.633	          673.23	        -7.40267
     427	 2.04652	0.976447	        -679.161	         671.767	        -7.39451
     428	 2.04044	 1.00099	        -677.182	         669.797	        -7.38533
     429	 2.03352	 1.02907	        -674.931	         667.557	        -7.37352
     430	 2.02663	 1.05797	        -672.684	         665.324	        -7.35994
     431	 2.02061	 1.08489	        -670.723	         663.372	        -7.35117
     432	 2.01597	 1.10792	        -669.228	         661.871	        -7.35743
     433	 2.01251	 1.12738	        -668.131	         660.749	        -7.38202
     434	 2.00918	 1.14603	        -667.086	         659.671	        -7.41478
     435	 2.00459	 1.16778	        -665.627	         658.183	        -7.44469
     436	 1.99746	 1.19602	        -663.342	         655.874	        -7.46831
     437	 1.98699	 1.23286	        -659.959	          652.48	        -7.47939
     438	 1.97315	 1.27808	        -655.459	         647.995	         -7.4641
     439	  1.9573	 1.32747	        -650.272	         642.862	        -7.40933
     440	 1.94263	 1.37165	        -645.428	         638.107	        -7.32155
     441	 1.93354	 1.39758	        -642.405	         635.162	        -7.24275
     442	 1.93378	 1.39429	        -642.469	         635.239	        -7.22962
     443	 1.94403	 1.35998	        -645.859	         638.561	        -7.29802
     444	 1.96133	 1.30384	         -651.57	         644.166	        -7.40371
     445	 1.98083	 1.24068	         -657.97	         650.483	        -7.48646
     446	 1.99839	 1.18314	        -663.692	         656.173	        -7.51932
     447	 2.01192	 1.13779	        -668.073	         660.556	          -7.517
     448	 2.02096	 1.10633	        -670.993	         663.486	        -7.50717
     449	 2.02566	 1.08868	        -672.509	          665.01	        -7.49876
     450	 2.02635	 1.08412	        -672.718	         665.235	        -7.48338
     451	 2.02374	 1.09068	        -671.846	         664.387	        -7.45939
     452	  2.0189	 1.10507	        -670.257	         662.819	        -7.43774
     453	 2.01291	 1.12402	        -668.303	         660.878	        -7.42444
     454	 2.00658	 1.14508	        -666.239	         658.828	          -7.411
     455	 2.00071	 1.16583	        -664.316	         656.924	        -7.39134
     456	 1.99622	 1.18332	        -662.845	         655.472	        -7.37338
     457	 1.99393	 1.19502	        -662.096	         654.728	        -7.36773
     458	 1.99404	 1.20006	        -662.143	         654.764	         -7.3787
     459	 1.99599	 1.19991	        -662.803	         655.395	        -7.40768
     460	 1.99838	 1.19836	        -663.622	         656.171	        -7.45158
     461	 1.99926	 1.20095	        -663.953	         656.456	        -7.49714
     462	 1.99674	 1.21298	        -663.162	          655.64	         -7.5219
     463	 1.99001	 1.23665	        -660.966	         653.459	        -7.50679
     464	 1.98003	 1.26886	        -657.683	         650.225	        -7.45867
     465	 1.96913	 1.30229	        -654.111	         646.695	        -7.41619
     466	 1.95952	 1.33009	        -650.986	          643.58	        -7.40648
     467	 1.95216	 1.34911	        -648.609	         641.194	        -7.41513
     468	 1.94717	 1.35875	        -647.001	         639.579	        -7.42153
     469	 1.94467	 1.35848	        -646.183	         638.769	        -7.41429
     470	 1.94533	 1.34641	        -646.365	         638.984	        -7.38114
     471	 1.95072	 1.31824	        -648.067	         640.729	        -7.33819
     472	 1.96237	 1.26965	        -651.844	         644.505	        -7.33846
     473	 1.97986	 1.20234	        -657.573	          650.17	        -7.40308
     474	 2.00003	 1.12624	        -664.192	         656.704	        -7.48771
     475	 2.01875	 1.05419	        -670.307	         662.769	        -7.53743
     476	 2.03318	0.995091	        -674.984	         667.447	        -7.53708
     477	 2.04264	0.951503	        -678.021	         670.512	        -7.50893
     478	 2.04785	0.921826	         -679.68	         672.198	        -7.48209
     479	 2.04978	0.903692	        -680.292	         672.824	         -7.4681
     480	 2.04911	0.895572	        -680.071	         672.608	         -7.4632
     481	 2.04621	0.896636	        -679.132	         671.669	        -7.46343
     482	 2.04129	0.906368	        -677.542	         670.074	        -7.46816
     483	  2.0344	0.924523	        -675.322	         667.841	        -7.48032
     484	 2.02534	0.951465	        -672.412	         664.905	        -7.50647
     485	 2.01343	0.988788	        -668.595	         661.048	        -7.54647
     486	 1.99772	 1.03895	        -663.534	         655.959	        -7.57501
     487	 1.97809	 1.10205	        -657.146	         649.598	        -7.54758
     488	 1.95679	 1.17113	        -650.162	         642.696	        -7.46595
     489	 1.93792	 1.23338	        -643.999	         636.583	        -7.41613
     490	 1.92435	 1.27994	        -639.619	         632.185	        -7.43451
     491	 1.91624	 1.31036	        -637.022	         629.557	        -7.46435
     492	 1.91258	 1.32728	        -635.862	         628.371	        -7.49101
     493	 1.91221	 1.33386	         -635.75	         628.251	         -7.4994
     494	 1.91477	 1.33141	        -636.531	          629.08	        -7.45049
     495	 1.92176	 1.31557	        -638.728	         631.347	         -7.3815
     496	 1.93499	 1.28094	        -643.018	         635.633	        -7.38507
     497	 1.95322	 1.23133	        -649.016	         641.539	        -7.47618
     498	 1.97174	 1.18121	        -655.106	          647.54	        -7.56648
     499	 1.98565	 1.14535	        -659.636	         652.045	        -7.59006
     500	 1.99272	 1.13031	        -661.893	         654.338	        -7.55544
     501	  1.9935	 1.13449	        -662.091	         654.591	        -7.50018
     502	 1.98984	 1.15238	        -660.857	         653.404	        -7.45329
     503	 1.98357	 1.17842	        -658.799	         651.373	        -7.42595
     504	 1.97591	 1.20878	        -656.307	         648.891	        -7.41606
     505	 1.96743	  1.2414	         -653.56	         646.143	        -7.41759
     506	 1.95828	 1.27543	        -650.603	         643.178	          -7.425
     507	 1.94848	 1.31048	        -647.433	         640.003	        -7.43062
     508	 1.93819	 1.34575	        -644.102	         636.669	        -7.43311
     509	 1.92772	    1.38	        -640.722	         633.276	        -7.44593
     510	 1.91699	 1.41307	        -637.279	         629.801	        -7.47757
     511	 1.90541	 1.44652	        -633.552	         626.048	        -7.50319
     512	 1.89284	 1.48066	        -629.458	         621.975	        -7.48241
     513	 1.88114	 1.50999	        -625.589	         618.184	        -7.40434
     514	 1.87433	 1.52259	        -623.295	         615.979	        -7.31592
     515	 1.87655	 1.50625	        -623.977	         616.699	        -7.27748
     516	 1.88963	 1.45604	        -628.227	         620.935	        -7.29181
     517	 1.91258	 1.37535	        -635.713	         628.373	        -7.33966
     518	 1.94238	 1.27374	        -645.441	         638.026	        -7.41491
     519	 1.97457	 1.16512	        -655.949	         648.456	        -7.49304
     520	 2.00453	 1.06414	        -665.706	         658.163	        -7.54264
     521	 2.02882	0.981823	        -673.592	         666.034	        -7.55786
     522	 2.04563	0.924251	        -679.032	         671.479	        -7.55286
     523	 2.05434	0.893774	        -681.841	         674.301	        -7.53998
     524	 2.05505	0.890407	        -682.053	          674.53	        -7.52247
     525	 2.04836	0.912335	        -679.864	         672.365	        -7.49925
     526	 2.03541	0.955927	        -675.637	         668.169	        -7.46853
     527	 2.01788	 1.01569	        -669.916	         662.489	        -7.42685
     528	 1.99811	 1.08411	        -663.455	         656.082	        -7.37278
     529	 1.97892	 1.15205	        -657.191	         649.867	        -7.32392
     530	 1.96281	 1.21134	        -651.957	         644.646	        -7.31112
     531	 1.95067	  1.2586	        -648.051	         640.714	        -7.33659
     532	 1.94178	 1.29551	        -645.202	         637.833	         -7.3687
     533	 1.93492	 1.32527	        -642.995	         635.609	        -7.38551
     534	 1.92937	 1.34962	          -641.2	         633.813	        -7.38783
     535	 1.92509	 1.36855	        -639.808	         632.426	        -7.38148
     536	  1.9225	 1.38079	        -638.957	         631.586	        -7.37058
     537	 1.92229	 1.38435	        -638.875	         631.518	        -7.35665
     538	 1.92538	 1.37673	        -639.853	         632.518	        -7.33491
     539	 1.93297	 1.35468	        -642.284	         634.978	        -7.30607
     540	 1.94629	 1.31485	        -646.592	         639.295	        -7.29678
     541	 1.96541	 1.25729	         -652.83	         645.488	        -7.34186
     542	 1.98795	 1.18937	        -660.223	          652.79	         -7.4328
     543	 2.00958	 1.12447	        -667.315	           659.8	         -7.5149
     544	 2.02621	 1.07523	        -672.736	         665.188	        -7.54797
     545	 2.03571	 1.04832	        -675.802	         668.264	        -7.53806
     546	 2.03793	 1.04438	        -676.495	         668.985	        -7.51028
     547	 2.03386	  1.0607	        -675.145	         667.667	        -7.47776
     548	 2.02501	 1.09284	        -672.237	         664.798	        -7.43879
     549	 2.01333	 1.13484	        -668.407	         661.015	        -7.39206
     550	 2.00117	 1.17945	        -664.423	         657.073	        -7.34921
     551	 1.99064	 1.21989	        -660.993	         653.663	        -7.33056
     552	 1.98283	 1.25249	        -658.476	         651.134	        -7.34224
     553	 1.97755	 1.27745	        -656.789	         649.422	         -7.3667
     554	 1.97395	 1.29693	        -655.641	         648.257	         -7.3843
     555	  1.9714	 1.31259	         -654.82	         647.429	        -7.39134
     556	 1.96967	 1.32492	        -654.263	          646.87	        -7.39344
     557	 1.96883	 1.33384	        -653.994	         646.596	        -7.39818
     558	  1.9688	  1.3396	        -654.004	         646.587	        -7.41643
     559	 1.96899	 1.34403	        -654.101	         646.648	        -7.45294
     560	 1.96813	 1.35095	        -653.862	         646.371	        -7.49146
     561	   1.965	 1.36406	         -652.86	         645.355	        -7.50502
     562	 1.95939	 1.38396	        -651.023	         643.539	         -7.4841
     563	 1.95251	 1.40709	        -648.751	          641.31	        -7.44052
     564	 1.94648	 1.42728	        -646.748	         639.356	        -7.39201
     565	 1.94348	 1.43825	        -645.744	         638.382	        -7.36147
     566	 1.94468	 1.43669	        -646.145	         638.772	        -7.37319
     567	 1.94935	 1.42497	        -647.715	         640.286	        -7.42889
     568	 1.95484	  1.4112	        -649.566	         642.064	        -7.50165
     569	 1.95773	 1.40562	        -650.557	         643.001	        -7.55663
     570	 1.95541	 1.41603	        -649.822	         642.248	        -7.57363
     571	 1.94707	 1.44475	        -647.094	         639.547	        -7.54767
     572	 1.93403	 1.48789	        -642.805	          635.32	        -7.48511
     573	 1.91928	 1.53636	        -637.956	         630.542	        -7.41413
     574	 1.90614	 1.57992	        -633.665	         626.286	        -7.37827
     575	 1.89647	 1.61258	         -630.54	         623.153	        -7.38783
     576	 1.89022	 1.63395	        -628.535	         621.127	        -7.40824
     577	 1.88675	 1.64529	         -627.41	         620.004	         -7.4058
     578	 1.88633	  1.6453	        -627.237	         619.866	        -7.37157
     579	 1.89057	 1.62888	        -628.555	          621.24	        -7.31495
     580	 1.90205	 1.58853	        -632.218	         624.959	        -7.25944
     581	 1.92297	   1.518	        -638.988	         631.737	        -7.25089
     582	 1.95314	 1.41827	        -648.838	         641.512	        -7.32539
     583	 1.98874	 1.30142	         -660.49	         653.047	        -7.44252
     584	 2.02396	 1.18562	        -671.988	         664.458	        -7.53031
     585	 2.05389	 1.08606	        -681.724	         674.155	        -7.56917
     586	 2.07577	 1.01152	        -688.824	         681.245	        -7.57907
     587	 2.08843	   0.966	        -692.931	         685.346	        -7.58521
     588	 2.09126	0.951495	        -693.868	         686.264	        -7.60444
     589	 2.08367	0.969687	        -691.428	         683.804	        -7.62359
     590	 2.06589	 1.01987	        -685.622	         678.043	        -7.57859
     591	 2.04159	 1.09148	        -677.577	         670.171	        -7.40513
     592	 2.01919	 1.15917	        -670.138	         662.913	        -7.22538
     593	 2.00615	 1.19941	        -665.944	         658.689	        -7.25533
     594	  2.0019	  1.2139	        -664.693	         657.311	        -7.38165
     595	 2.00114	 1.21821	        -664.493	         657.066	        -7.42615
     596	 2.00075	 1.22055	        -664.352	         656.938	        -7.41399
     597	 2.00027	 1.22167	        -664.187	         656.784	        -7.40292
     598	  1.9999	 1.22098	        -664.065	         656.663	        -7.40208
     599	 1.99971	 1.21836	        -664.002	         656.602	        -7.40057
     600	 1.99988	 1.21329	        -664.051	         656.657	        -7.39362
     601	 2.00084	 1.20459	        -664.349	         656.966	        -7.38322
     602	 2.00313	 1.19072	        -665.082	          657.71	        -7.37151
     603	 2.00732	 1.17027	         -666.43	         659.066	        -7.36322
     604	 2.01366	 1.14266	        -668.491	         661.123	        -7.36818
     605	 2.02178	 1.10929	        -671.146	         663.753	        -7.39348
     606	 2.03034	 1.07428	        -673.962	         666.526	        -7.43573
     607	 2.03734	 1.04372	        -676.269	         668.794	        -7.47474
     608	 2.04104	 1.02298	        -677.472	         669.992	        -7.47935
     609	 2.04122	 1.01287	        -677.488	         670.052	         -7.4359
     610	 2.03973	 1.00812	        -676.934	         669.568	        -7.36608
     611	  2.0395	  1.0002	        -676.808	         669.494	        -7.31392
     612	 2.04271	0.982839	        -677.851	         670.533	        -7.31764
     613	 2.04914	0.956785	        -680.001	         672.616	        -7.38444
     614	 2.05593	0.930529	        -682.301	         674.818	         -7.4831
     615	 2.05893	0.916258	        -683.356	         675.788	        -7.56746
     616	 2.05471	0.923775	        -682.022	          674.42	        -7.60173
     617	 2.04231	 0.95559	        -677.968	         670.403	        -7.56509
     618	 2.02414	 1.00432	        -671.977	         664.517	        -7.46009
     619	 2.00559	 1.05376	        -665.838	         658.506	        -7.33242
     620	 1.99289	 1.08524	        -661.636	         654.391	        -7.24465
     621	 1.99041	 1.08593	        -660.817	         653.588	        -7.22892
     622	 1.99893	 1.05361	        -663.646	          656.35	        -7.29625
     623	  2.0152	0.998098	        -669.047	         661.619	        -7.42806
     624	   2.033	0.938121	        -674.942	         667.389	        -7.55273
     625	 2.04628	0.892105	        -679.296	          671.69	        -7.60662
     626	 2.05182	0.869774	        -681.071	         673.487	        -7.58463
     627	 2.04992	0.870565	        -680.386	          672.87	        -7.51594
     628	 2.04322	0.886895	        -678.135	         670.698	         -7.4373
     629	 2.03507	0.908909	         -675.44	         668.057	        -7.38243
     630	 2.02801	0.928971	         -673.14	         665.772	        -7.36801
     631	 2.02305	 0.94395	        -671.542	         664.163	        -7.37922
     632	 2.02011	 0.95381	        -670.597	         663.211	        -7.38528
     633	 2.01918	0.958327	        -670.285	         662.909	        -7.37561
     634	 2.02064	0.956018	        -670.753	         663.383	        -7.36952
     635	 2.02461	0.946321	        -672.058	         664.671	        -7.38704
     636	 2.03018	0.931845	        -673.901	         666.475	        -7.42645
     637	 2.03553	0.917978	        -675.672	         668.208	        -7.46443
     638	 2.03898	0.909811	        -676.798	         669.326	        -7.47167
     639	 2.04019	0.908542	        -677.162	         669.717	        -7.44529
     640	 2.04023	0.911072	        -677.143	         669.729	        -7.41388
     641	 2.04054	0.913322	        -677.232	         669.832	        -7.40026
     642	 2.04191	0.913237	         -677.68	         670.273	        -7.40735
     643	 2.04404	0.911686	          -678.4	         670.966	        -7.43428
     644	  2.0458	0.912202	        -678.991	         671.536	         -7.4559
     645	 2.04619	0.917885	        -679.102	         671.661	        -7.44121
     646	 2.04548	0.927862	        -678.836	         671.431	         -7.4046
     647	 2.04476	  0.9387	        -678.583	         671.199	        -7.38419
     648	 2.04459	0.948596	        -678.535	         671.144	          -7.391
     649	 2.04455	0.958719	        -678.531	         671.129	        -7.40147
     650	 2.04407	0.970622	        -678.367	         670.976	        -7.39135
     651	 2.04341	0.983528	        -678.127	         670.761	        -7.36585
     652	 2.04338	0.994974	        -678.107	         670.752	        -7.35542
     653	 2.04422	 1.00429	         -678.41	         671.024	        -7.38577
     654	 2.04459	 1.01552	        -678.598	         671.143	        -7.45545
     655	 2.04162	 1.03704	         -677.72	         670.179	        -7.54058
     656	 2.03201	 1.07826	        -674.675	         667.066	        -7.60866
     657	 2.01364	 1.14505	        -668.732	         661.115	        -7.61634
     658	 1.98766	 1.23386	        -660.204	         652.698	        -7.50518
     659	 1.96062	 1.32554	        -651.206	         643.937	         -7.2696
     660	 1.94339	 1.38754	        -645.439	         638.354	        -7.08581
     661	 1.94359	  1.3964	        -645.575	         638.418	        -7.15715
     662	 1.95849	 1.36044	        -650.621	         643.246	        -7.37533
     663	 1.97867	 1.30785	        -657.307	         649.784	        -7.52332
     664	 1.99656	 1.26064	        -663.126	         655.582	        -7.54409
     665	 2.00989	 1.22536	        -667.388	         659.902	        -7.48632
     666	  2.0201	 1.19791	        -670.628	         663.209	        -7.41937
     667	 2.02937	 1.17214	        -673.601	         666.211	        -7.39017
     668	 2.03855	 1.14582	        -676.585	         669.185	        -7.40068
     669	 2.04691	 1.12138	        -679.322	         671.895	        -7.42722
     670	 2.05306	 1.10312	        -681.336	         673.886	         -7.4501
     671	 2.05579	 1.09467	        -682.232	          674.77	        -7.46163
     672	 2.05452	 1.09784	        -681.823	          674.36	        -7.46289
     673	  2.0493	 1.11254	        -680.126	         672.669	        -7.45659
     674	 2.04069	 1.13708	        -677.322	          669.88	        -7.44211
     675	 2.02978	 1.16823	        -673.759	         666.343	         -7.4162
     676	 2.01821	 1.20102	        -669.973	         662.595	        -7.37792
     677	 2.00815	 1.22897	         -666.67	         659.336	        -7.33376
     678	 2.00186	 1.24531	        -664.596	         657.298	         -7.2985
     679	   2.001	 1.24508	        -664.306	         657.018	        -7.28734
     680	 2.00588	 1.22729	        -665.913	         658.601	        -7.31163
     681	 2.01507	 1.19628	        -668.942	         661.577	        -7.36465
     682	 2.02576	 1.16052	        -672.458	         665.041	        -7.41701
     683	 2.03505	 1.12884	        -675.499	         668.051	        -7.44836
     684	  2.0409	 1.10746	         -677.41	         669.946	        -7.46356
     685	 2.04218	 1.09983	        -677.835	         670.363	        -7.47149
     686	 2.03849	 1.10733	        -676.634	         669.167	        -7.46691
     687	 2.03033	 1.12858	        -673.958	         666.523	        -7.43478
     688	 2.01962	 1.15802	        -670.428	         663.054	        -7.37427
     689	 2.00948	 1.18635	        -667.087	         659.768	        -7.31881
     690	 2.00274	 1.20505	        -664.894	         657.582	        -7.31166
     691	 2.00018	 1.21158	        -664.113	         656.754	        -7.35954
     692	 2.00022	 1.21046	        -664.203	         656.767	        -7.43549
     693	 2.00005	 1.20981	        -664.208	         656.713	        -7.49438
     694	 1.99774	 1.21551	        -663.446	         655.962	         -7.4841
     695	 1.99403	 1.22536	        -662.182	         654.763	        -7.41901
     696	 1.99149	 1.23158	        -661.336	         653.938	        -7.39845
     697	 1.99094	 1.23178	        -661.203	          653.76	        -7.44355
     698	 1.99071	 1.23142	        -661.159	         653.685	        -7.47426
     699	  1.9892	 1.23527	        -660.665	         653.197	        -7.46835
     700	 1.98612	 1.24395	        -659.663	           652.2	         -7.4628
     701	 1.98149	 1.25729	        -658.173	         650.699	         -7.4745
     702	 1.97497	 1.27619	        -656.074	         648.585	         -7.4885
     703	 1.96642	 1.30092	        -653.296	         645.816	        -7.48018
     704	 1.95689	 1.32835	        -650.161	         642.729	        -7.43204
     705	 1.94918	 1.35026	        -647.586	          640.23	         -7.3558
     706	 1.94697	 1.35567	        -646.825	         639.515	         -7.3098
     707	 1.95237	 1.33825	        -648.612	         641.265	        -7.34677
     708	 1.96402	  1.3022	        -652.468	         645.038	        -7.42987
     709	 1.97842	 1.25809	        -657.188	         649.703	         -7.4846
     710	 1.99283	 1.21408	        -661.863	         654.371	        -7.49156
     711	 2.00633	 1.17293	        -666.219	         658.746	        -7.47321
     712	 2.01914	 1.13425	        -670.353	         662.898	        -7.45491
     713	 2.03146	 1.09775	        -674.353	          666.89	        -7.46301
     714	 2.04239	 1.06627	         -677.94	         670.431	        -7.50931
     715	 2.04964	 1.04678	        -680.347	         672.779	        -7.56767
     716	 2.05081	  1.0467	        -680.734	         673.157	         -7.5768
     717	  2.0459	 1.06658	        -679.055	         671.566	        -7.48831
     718	  2.0387	 1.09535	        -676.609	         669.236	        -7.37332
     719	  2.0335	 1.11977	        -674.939	          667.55	        -7.38809
     720	 2.02978	 1.14131	        -673.843	         666.344	        -7.49875
     721	 2.02329	 1.17265	        -671.791	          664.24	        -7.55045
     722	 2.01158	 1.22036	        -667.956	         660.446	        -7.50996
     723	 1.99606	  1.2795	        -662.846	         655.419	        -7.42791
     724	 1.98022	 1.33922	        -657.649	         650.286	        -7.36299
     725	 1.96707	 1.39009	        -653.376	         646.026	        -7.34976
     726	 1.95768	 1.42851	        -650.359	         642.985	        -7.37449
     727	  1.9517	 1.45524	        -648.438	         641.048	        -7.38997
     728	 1.94924	 1.46993	        -647.606	          640.25	        -7.35655
     729	 1.95219	 1.46704	        -648.511	         641.207	        -7.30419
     730	 1.96246	 1.44058	        -651.887	         644.532	        -7.35427
     731	 1.97763	 1.39767	        -656.964	         649.448	        -7.51687
     732	 1.99098	 1.35889	         -661.41	         653.774	        -7.63655
     733	   1.997	 1.34067	        -663.367	         655.725	        -7.64243
     734	 1.99488	 1.34532	        -662.606	         655.038	        -7.56818
     735	 1.98796	 1.36355	        -660.231	         652.793	        -7.43744
     736	 1.98229	 1.37827	        -658.249	         650.957	        -7.29169
     737	 1.98388	 1.37187	        -658.732	         651.472	         -7.2598
     738	 1.99375	 1.34142	        -662.042	         654.669	        -7.37292
     739	 2.00714	 1.30153	        -666.491	         659.009	          -7.482
     740	 2.01886	 1.26743	        -670.309	         662.806	        -7.50307
     741	 2.02718	 1.24378	         -672.97	         665.504	         -7.4662
     742	 2.03322	 1.22712	        -674.884	          667.46	        -7.42454
     743	 2.03864	 1.21256	        -676.627	         669.216	        -7.41077
     744	  2.0441	  1.1983	        -678.411	         670.984	         -7.4278
     745	  2.0489	 1.18645	        -680.004	          672.54	        -7.46367
     746	 2.05149	 1.18163	        -680.883	         673.377	        -7.50635
     747	 2.05003	 1.18914	        -680.444	         672.905	        -7.53963
     748	 2.04328	 1.21257	        -678.261	         670.718	        -7.54284
     749	 2.03147	 1.25111	        -674.395	         666.891	        -7.50307
     750	 2.01677	 1.29813	        -669.562	         662.131	        -7.43116
     751	 2.00273	 1.34287	        -664.949	         657.581	         -7.3674
     752	 1.99246	 1.37574	        -661.612	         654.253	        -7.35837
     753	 1.98678	 1.39399	        -659.822	         652.411	        -7.41057
     754	 1.98393	 1.40255	        -658.972	         651.489	        -7.48236
     755	 1.98124	 1.40896	        -658.149	         650.617	        -7.53211
     756	 1.97692	 1.41796	        -656.757	         649.217	        -7.53941
     757	 1.97131	 1.42827	        -654.879	         647.399	        -7.48003
     758	 1.96767	 1.43023	        -653.579	          646.22	        -7.35924
     759	 1.97112	  1.4085	        -654.624	         647.338	         -7.2866
     760	 1.98417	 1.35563	        -658.916	         651.567	        -7.34904
     761	 2.00386	 1.28145	        -665.401	         657.945	        -7.45562
     762	 2.02481	 1.20272	        -672.239	         664.734	        -7.50514
     763	 2.04343	 1.13051	        -678.267	         670.766	        -7.50087
     764	 2.05848	 1.06885	        -683.128	         675.642	        -7.48606
     765	 2.06959	 1.01927	         -686.73	         679.244	        -7.48627
     766	  2.0762	0.983875	        -688.885	         681.386	        -7.49916
     767	  2.0775	0.965203	        -689.316	         681.807	        -7.50887
     768	 2.07308	0.964392	        -687.876	         680.375	        -7.50152
     769	 2.06352	0.979449	        -684.746	         677.277	        -7.46923
     770	 2.05076	 1.00429	         -680.55	         673.143	        -7.40668
     771	 2.03831	 1.02834	        -676.417	         669.108	        -7.30929
     772	 2.03115	 1.03676	        -673.984	         666.788	        -7.19566
     773	 2.03437	 1.01427	        -674.981	          667.83	        -7.15024
     774	 2.04951	0.955849	        -679.991	         672.736	        -7.25489
     775	 2.07187	0.875609	        -687.423	          679.98	        -7.44219
     776	 2.09309	0.798636	        -694.436	         686.857	        -7.57906
     777	 2.10654	 0.74463	        -698.828	         691.214	        -7.61398
     778	 2.11006	0.720066	        -699.917	         692.355	        -7.56207
     779	 2.10572	0.719131	        -698.409	         690.948	        -7.46018
     780	 2.09803	0.728687	        -695.818	         688.457	        -7.36127
     781	 2.09154	0.735423	        -693.663	         686.354	        -7.30859
     782	 2.08889	 0.73171	        -692.801	         685.495	         -7.3058
     783	 2.09034	0.716868	        -693.309	         685.966	         -7.3428
     784	 2.09407	0.696242	        -694.592	         687.175	        -7.41699
     785	 2.09661	0.680126	        -695.496	         687.996	        -7.49955
     786	 2.09423	0.679622	        -694.766	         687.227	         -7.5392
     787	 2.08515	0.700119	        -691.791	         684.284	        -7.50638
     788	  2.0708	0.737463	        -687.046	         679.634	        -7.41109
     789	 2.05535	 0.77939	        -681.932	         674.628	        -7.30382
     790	 2.04342	0.812175	        -678.019	         670.762	        -7.25659
     791	 2.03713	0.829494	        -676.025	         668.725	        -7.30022
     792	 2.03491	0.836098	        -675.396	         668.007	        -7.38875
     793	 2.03326	0.842463	        -674.926	         667.473	        -7.45251
     794	 2.02954	0.856401	        -673.732	         666.266	        -7.46535
     795	 2.02307	 0.87968	        -671.631	         664.171	        -7.45966
     796	 2.01403	 0.91151	         -668.72	         661.242	        -7.47811
     797	 2.00193	0.953126	        -664.825	         657.322	        -7.50263
     798	 1.98631	  1.0058	        -659.736	         652.261	        -7.47495
     799	 1.96873	 1.06457	        -653.952	         646.566	        -7.38646
     800	 1.95306	 1.11752	        -648.781	         641.488	         -7.2928
     801	 1.94335	 1.15233	        -645.588	         638.341	        -7.24711
     802	 1.94162	  1.1629	        -645.038	          637.78	        -7.25794
     803	 1.94735	 1.15076	         -646.94	         639.636	        -7.30437
     804	 1.95827	  1.1227	        -650.535	         643.175	        -7.36043
     805	 1.97152	 1.08735	        -654.876	         647.467	        -7.40872
     806	 1.98446	 1.05273	        -659.104	         651.662	        -7.44237
     807	 1.99512	 1.02506	        -662.578	         655.115	        -7.46278
     808	 2.00214	 1.00861	        -664.868	          657.39	         -7.4775
     809	 2.00458	 1.00639	        -665.671	         658.179	        -7.49263
     810	 2.00169	 1.02058	        -664.748	         657.244	        -7.50333
     811	 1.99326	 1.05181	        -662.004	         654.512	        -7.49214
     812	 1.98028	 1.09693	        -657.746	         650.305	        -7.44034
     813	 1.96564	 1.14715	        -652.911	         645.562	        -7.34926
     814	 1.95389	 1.18871	        -649.007	         641.755	         -7.2517
     815	 1.94967	 1.20757	        -647.587	          640.39	        -7.19684
     816	 1.95552	 1.19605	        -649.508	         642.284	        -7.22363
     817	 1.97016	 1.15783	        -654.356	         647.029	        -7.32688
     818	 1.98896	 1.10695	        -660.562	         653.118	        -7.44463
     819	 2.00638	 1.06011	         -666.28	         658.762	        -7.51851
     820	 2.01855	 1.02902	        -670.248	         662.706	        -7.54248
     821	  2.0238	 1.01878	        -671.949	         664.408	        -7.54118
     822	  2.0219	 1.03024	        -671.322	         663.791	        -7.53121
     823	 2.01335	  1.0619	         -668.53	         661.021	        -7.50883
     824	 1.99951	 1.10972	        -663.998	         656.537	        -7.46171
     825	 1.98297	  1.1659	        -658.564	         651.177	        -7.38701
     826	 1.96751	 1.21915	        -653.472	         646.167	        -7.30487
     827	 1.95706	 1.25769	        -650.043	         642.783	        -7.25964
     828	 1.95377	 1.27502	        -649.007	         641.717	        -7.28945
     829	  1.9565	 1.27443	        -649.981	         642.601	         -7.3802
     830	 1.96143	 1.26724	        -651.674	         644.201	        -7.47386
     831	 1.96444	 1.26559	        -652.699	         645.173	        -7.52588
     832	 1.96303	 1.27655	        -652.246	         644.719	        -7.52755
     833	 1.95703	 1.30048	        -650.264	         642.772	        -7.49143
     834	 1.94801	 1.33239	        -647.288	          639.85	        -7.43792
     835	 1.93846	 1.36462	        -644.144	         636.756	         -7.3875
     836	 1.93084	 1.38958	         -641.64	         634.288	        -7.35124
     837	 1.92701	 1.40152	        -640.377	         633.048	        -7.32881
     838	 1.92811	 1.39695	        -640.722	         633.404	        -7.31751
     839	 1.93455	 1.37466	        -642.811	          635.49	        -7.32167
     840	 1.94585	 1.33626	        -646.496	         639.151	        -7.34542
     841	 1.96058	 1.28641	        -651.306	         643.922	        -7.38404
     842	 1.97658	 1.23197	        -656.536	         649.109	        -7.42656
     843	 1.99155	 1.18032	        -661.419	         653.959	        -7.46016
     844	 2.00359	 1.13749	        -665.334	          657.86	        -7.47422
     845	 2.01172	 1.10673	         -667.96	         660.492	        -7.46775
     846	  2.0159	 1.08829	        -669.297	         661.846	        -7.45159
     847	 2.01663	  1.0807	        -669.524	         662.085	        -7.43922
     848	 2.01445	 1.08233	        -668.811	         661.379	        -7.43215
     849	 2.00984	 1.09172	          -667.3	         659.883	        -7.41612
     850	 2.00375	 1.10603	        -665.286	         657.909	        -7.37713
     851	 1.99806	 1.11968	        -663.389	         656.067	         -7.3219
     852	  1.9952	  1.1255	        -662.423	         655.142	        -7.28123
     853	 1.99684	 1.11857	        -662.958	         655.673	        -7.28549
     854	 2.00267	 1.09983	        -664.896	          657.56	        -7.33616
     855	 2.01033	 1.07628	        -667.448	         660.042	        -7.40609
     856	 2.01657	 1.05748	        -669.527	         662.065	        -7.46256
     857	 2.01872	 1.05123	        -670.247	         662.762	        -7.48455
     858	 2.01569	 1.06065	        -669.246	          661.78	        -7.46577
     859	 2.00831	 1.08317	          -666.8	         659.388	        -7.41222
     860	 1.99905	 1.11142	        -663.731	         656.389	        -7.34159
     861	 1.99119	 1.13568	        -661.124	          653.84	        -7.28408
     862	 1.98736	 1.14799	        -659.873	         652.602	        -7.27106
     863	 1.98834	 1.14605	        -660.225	         652.917	        -7.30769
     864	 1.99276	  1.1338	        -661.716	         654.351	        -7.36459
     865	 1.99838	 1.11796	        -663.576	         656.171	        -7.40511
     866	 2.00357	 1.10337	        -665.261	         657.852	        -7.40886
     867	 2.00826	 1.09047	        -666.753	         659.371	        -7.38175
     868	 2.01359	 1.07607	        -668.457	         661.099	        -7.35749
     869	 2.02051	 1.05761	        -670.715	         663.341	        -7.37413
     870	 2.02828	 1.03751	         -673.29	         665.858	        -7.43222
     871	 2.03449	 1.02313	        -675.363	         667.871	        -7.49202
     872	 2.03667	 1.02194	         -676.09	         668.575	        -7.51438
     873	 2.03391	 1.03654	        -675.172	         667.683	        -7.48876
     874	 2.02746	 1.06318	        -673.024	         665.593	        -7.43099
     875	 2.02001	 1.09372	        -670.551	         663.179	        -7.37191
     876	 2.01434	 1.11973	        -668.684	         661.342	        -7.34273
     877	 2.01197	 1.13656	        -667.925	         660.573	         -7.3529
     878	  2.0127	 1.14473	        -668.194	         660.809	        -7.38495
     879	 2.01522	 1.14807	        -669.047	         661.626	        -7.42023
     880	 2.01785	 1.15152	        -669.932	         662.478	        -7.45389
     881	 2.01888	 1.16013	        -670.296	         662.812	        -7.48374
     882	 2.01678	 1.17845	        -669.639	         662.133	        -7.50605
     883	 2.01041	  1.2099	         -667.59	          660.07	        -7.51985
     884	 1.99914	  1.2563	         -663.94	         656.417	        -7.52329
     885	 1.98299	 1.31749	        -658.693	         651.183	        -7.51028
     886	 1.96287	 1.39061	        -652.144	         644.664	        -7.47953
     887	 1.94056	  1.4701	         -644.88	         637.436	        -7.44408
     888	 1.91812	 1.54946	        -637.589	         630.165	        -7.42391
     889	 1.89708	 1.62368	        -630.775	         623.351	        -7.42368
     890	 1.87832	 1.68987	        -624.695	         617.271	        -7.42395
     891	 1.86265	 1.74526	        -619.601	         612.194	        -7.40708
     892	 1.85142	 1.78553	        -615.942	         608.554	        -7.38739
     893	 1.84575	 1.80693	        -614.124	         606.717	        -7.40696
     894	   1.845	 1.81098	        -613.949	         606.474	        -7.47415
     895	 1.84672	   1.805	        -614.554	         607.033	        -7.52098
     896	 1.84915	 1.79431	        -615.318	         607.821	        -7.49763
     897	 1.85299	 1.77672	        -616.511	         609.064	        -7.44768
     898	 1.85994	 1.74712	        -618.747	         611.316	          -7.431
     899	  1.8704	 1.70453	        -622.164	         614.706	        -7.45861
     900	 1.88281	 1.65371	        -626.239	         618.727	        -7.51241
     901	 1.89447	 1.60271	        -630.068	         622.504	        -7.56474
     902	 1.90286	 1.55901	        -632.813	         625.223	        -7.59035
     903	 1.90691	 1.52587	        -634.113	         626.535	        -7.57812
     904	 1.90745	 1.50075	        -634.254	          626.71	        -7.54395
     905	 1.90674	 1.47701	        -633.973	         626.481	        -7.49256
     906	  1.9087	  1.4441	        -634.465	         627.114	        -7.35143
     907	  1.9205	 1.38174	        -638.101	         630.937	        -7.16487
     908	 1.94894	 1.26931	        -647.362	         640.152	        -7.21082
     909	 1.99111	 1.11614	        -661.291	         653.815	        -7.47532
     910	 2.03513	0.959311	        -675.731	         668.077	        -7.65348
     911	 2.07102	0.828816	        -687.369	         679.705	        -7.66449
     912	 2.09559	0.734209	        -695.269	         687.667	        -7.60197
     913	 2.10987	0.673155	        -699.827	         692.293	        -7.53415
     914	 2.11601	0.639987	        -701.761	         694.281	        -7.47982
     915	 2.11601	0.629121	         -701.73	         694.283	        -7.44704
     916	 2.11116	0.636736	        -700.156	         692.712	        -7.44415
     917	 2.10166	0.661967	        -697.097	         689.633	        -7.46417
     918	 2.08693	 0.70609	        -692.342	          684.86	        -7.48152
     919	 2.06666	0.769461	        -685.764	         678.294	        -7.46966
     920	 2.04188	0.848357	        -677.685	         670.266	         -7.4187
     921	 2.01533	0.933919	        -669.003	         661.662	        -7.34079
     922	 1.99085	 1.01394	        -660.998	         653.732	        -7.26529
     923	 1.97212	 1.07684	        -654.887	         647.662	         -7.2246
     924	 1.96117	 1.11593	        -651.349	         644.116	        -7.23275
     925	 1.95784	  1.1313	        -650.313	         643.036	        -7.27745
     926	 1.96018	  1.1284	        -651.128	         643.794	        -7.33377
     927	 1.96555	 1.11496	        -652.916	         645.533	         -7.3834
     928	 1.97145	 1.09834	        -654.867	         647.446	        -7.42034
     929	 1.97597	 1.08434	        -656.355	         648.911	        -7.44418
     930	 1.97789	 1.07675	        -656.983	         649.532	        -7.45077
     931	 1.97688	  1.0767	        -656.639	         649.204	        -7.43547
     932	 1.97364	 1.08222	        -655.558	         648.155	        -7.40256
     933	 1.96971	 1.08885	        -654.247	         646.882	        -7.36522
     934	 1.96685	  1.0914	        -653.293	         645.955	        -7.33711
     935	 1.96647	 1.08582	        -653.156	         645.832	        -7.32427
     936	 1.96929	 1.07007	        -654.073	         646.746	        -7.32755
     937	 1.97525	 1.04446	        -656.026	         648.678	        -7.34792
     938	 1.98348	 1.01173	        -658.729	         651.344	        -7.38466
     939	 1.99239	0.976684	        -661.657	          654.23	        -7.42664
     940	 2.00023	0.944662	        -664.225	         656.772	        -7.45385
     941	 2.00599	0.918884	        -666.086	         658.636	        -7.45001
     942	 2.01006	0.898428	        -667.366	         659.954	        -7.41174
     943	 2.01439	0.877913	        -668.709	         661.359	        -7.34983
     944	 2.02183	0.849377	         -671.07	         663.769	        -7.30036
     945	 2.03425	0.807426	        -675.117	         667.793	        -7.32426
     946	 2.05022	0.756423	        -680.393	         672.966	        -7.42714
     947	 2.06505	0.710554	        -685.291	         677.772	        -7.51843
     948	 2.07431	0.683125	        -688.299	         680.773	        -7.52636
     949	 2.07686	0.677405	        -689.058	         681.597	          -7.461
     950	 2.07485	0.686942	        -688.319	         680.947	        -7.37164
     951	 2.07179	  0.7014	        -687.261	         679.956	         -7.3049
     952	 2.07044	0.712615	        -686.804	         679.519	        -7.28562
     953	 2.07165	0.718019	        -687.221	         679.911	        -7.31035
     954	 2.07441	0.720517	         -688.16	         680.804	        -7.35625
     955	 2.07676	 0.72576	        -688.963	         681.565	        -7.39807
     956	 2.07689	0.738927	         -689.03	         681.609	        -7.42159
     957	 2.07384	0.762731	        -688.045	         680.619	        -7.42636
     958	 2.06753	0.797132	        -685.994	         678.575	        -7.41918
     959	 2.05858	0.840064	        -683.082	         675.674	        -7.40762
     960	  2.0479	0.888423	        -679.615	         672.216	        -7.39893
     961	 2.03645	0.939015	        -675.896	         668.504	        -7.39253
     962	 2.02519	0.988591	         -672.23	         664.859	        -7.37146
     963	 2.01581	 1.03215	        -669.137	         661.817	        -7.32072
     964	 2.01083	 1.06203	        -667.477	         660.205	        -7.27231
     965	 2.01227	 1.07222	        -667.954	          660.67	        -7.28408
     966	 2.01942	 1.06492	        -670.343	         662.988	        -7.35446
     967	 2.02904	  1.0502	        -673.526	         666.104	        -7.42158
     968	 2.03767	 1.03852	        -676.346	         668.899	        -7.44624
     969	 2.04349	 1.03539	        -678.221	         670.785	        -7.43564
     970	 2.04633	 1.04142	        -679.121	         671.705	        -7.41572
     971	 2.04669	 1.05517	        -679.229	         671.823	        -7.40545
     972	 2.04498	 1.07545	        -678.674	          671.27	        -7.40346
     973	 2.04148	 1.10138	         -677.53	         670.134	        -7.39607
     974	  2.0367	 1.13118	        -675.968	         668.586	        -7.38201
     975	 2.03139	 1.16225	        -674.247	         666.868	        -7.37933
     976	 2.02588	 1.19326	        -672.476	         665.081	        -7.39537
     977	 2.01983	 1.22486	        -670.528	          663.12	        -7.40817
     978	 2.01304	 1.25732	        -668.318	         660.921	        -7.39668
     979	 2.00621	 1.28815	        -666.077	         658.709	        -7.36745
     980	 2.00071	 1.31294	        -664.269	         656.927	        -7.34163
     981	 1.99773	 1.32792	        -663.293	          655.96	        -7.33314
     982	 1.99765	 1.33178	         -663.28	         655.935	        -7.34511
     983	 1.99992	 1.32616	        -664.043	         656.671	        -7.37209
     984	 2.00331	 1.31478	        -665.171	         657.768	        -7.40257
     985	 2.00643	 1.30187	        -666.204	         658.779	        -7.42497
     986	 2.00831	 1.29047	        -666.819	         659.387	        -7.43271
     987	 2.00868	 1.28143	        -666.932	         659.509	        -7.42354
     988	 2.00817	 1.27304	         -666.74	         659.343	        -7.39678
     989	 2.00822	  1.2611	        -666.715	         659.358	        -7.35703
     990	 2.01076	 1.23992	        -667.504	         660.183	        -7.32055
     991	 2.01746	 1.20478	        -669.663	         662.352	         -7.3112
     992	 2.02862	  1.1551	        -673.308	         665.968	        -7.34061
     993	 2.04282	 1.09572	        -677.962	         670.569	        -7.39276
     994	 2.05756	 1.03485	        -682.785	         675.345	         -7.4391
     995	 2.07049	0.980232	        -686.997	         679.534	        -7.46254
     996	 2.08021	0.936676	        -690.149	         682.684	        -7.46444
     997	 2.08636	0.905838	        -692.131	         684.676	        -7.45532
     998	 2.08919	0.887373	        -693.038	         685.594	        -7.44427
     999	 2.08918	0.880147	        -693.026	         685.589	        -7.43697
