    Step 	 temperature 	 pressure 	 Potential Energy 	 Kinetic Energy 	 Sum Energy

       0	 2.17877	-1.55809	        -11551.8	         11032.5	        -519.248
       1	 2.17884	 -1.5548	        -11552.2	         11032.9	         -519.27
       2	   2.179	-1.54473	          -11553	         11033.7	        -519.342
       3	 2.17906	-1.52738	        -11553.5	           11034	        -519.471
       4	 2.17873	 -1.5018	          -11552	         11032.3	        -519.669
       5	 2.17752	-1.46656	        -11546.1	         11026.2	        -519.955
       6	 2.17475	-1.41968	        -11532.5	         11012.2	        -520.353
       7	 2.16948	-1.35846	        -11506.3	         10985.5	        -520.885
       8	 2.16047	-1.27953	        -11461.4	         10939.9	        -521.545
       9	  2.1463	-1.17899	        -11390.4	         10868.1	         -522.25
      10	 2.12559	-1.05338	        -11286.1	         10763.3	        -522.799
      11	  2.0976	-0.901216	        -11144.6	         10621.6	        -523.014
      12	 2.06259	-0.72424	        -10967.3	         10444.4	        -522.956
      13	  2.0217	-0.526958	          -10760	         10237.4	        -522.612
      14	 1.97696	-0.316513	        -10532.7	         10010.9	        -521.827
      15	 1.93143	-0.103243	        -10301.2	         9780.36	        -520.817
      16	 1.88862	0.101175	        -10083.6	         9563.65	        -519.946
      17	 1.85156	0.286705	        -9895.38	            9376	        -519.382
      18	  1.8222	 0.44656	        -9746.53	         9227.39	        -519.142
      19	  1.8014	0.577487	        -9641.25	         9122.07	        -519.178
      20	 1.78902	0.679324	         -9578.8	          9059.4	        -519.403
      21	 1.78425	0.754172	        -9554.99	         9035.26	        -519.731
      22	 1.78589	0.805529	        -9563.67	         9043.56	        -520.109
      23	 1.79253	0.837656	        -9597.71	         9077.19	         -520.52
      24	 1.80269	0.855221	        -9649.54	         9128.58	        -520.958
      25	 1.81483	0.863041	        -9711.48	         9190.09	        -521.389
      26	 1.82757	0.865661	        -9776.31	         9254.57	         -521.74
      27	 1.83982	0.866683	        -9838.48	         9316.55	        -521.933
      28	 1.85099	0.868158	         -9895.1	         9373.14	        -521.959
      29	 1.86106	0.870544	        -9946.01	         9424.12	        -521.888
      30	 1.87031	0.873298	        -9992.71	         9470.91	        -521.799
      31	  1.8791	0.875592	        -10037.1	         9515.41	        -521.735
      32	 1.88773	0.876758	        -10080.9	         9559.14	        -521.731
      33	 1.89634	0.876616	        -10124.5	         9602.73	        -521.819
      34	  1.9048	0.875688	        -10167.5	         9645.56	        -521.971
      35	 1.91284	0.874927	        -10208.3	         9686.26	        -522.086
      36	 1.92031	0.874943	        -10246.1	         9724.06	        -522.086
      37	 1.92734	0.875467	        -10281.7	         9759.65	        -522.015
      38	 1.93424	0.875709	        -10316.6	         9794.58	        -521.995
      39	 1.94117	0.875316	        -10351.7	         9829.65	        -522.094
      40	 1.94793	0.874955	        -10386.2	         9863.88	        -522.304
      41	 1.95399	0.876247	        -10417.1	         9894.58	        -522.561
      42	 1.95869	0.881187	        -10441.1	         9918.33	        -522.765
      43	  1.9615	0.891235	        -10455.4	          9932.6	        -522.832
      44	 1.96238	 0.90656	        -10459.7	         9937.03	        -522.709
      45	 1.96181	0.925639	        -10456.6	         9934.16	        -522.437
      46	 1.96072	0.945698	        -10450.8	         9928.66	        -522.167
      47	 1.96005	0.963958	        -10447.2	         9925.22	        -522.018
      48	 1.96034	0.978728	        -10448.7	          9926.7	        -522.045
      49	 1.96161	 0.98992	        -10455.4	         9933.16	        -522.261
      50	 1.96334	0.999072	        -10464.5	          9941.9	        -522.567
      51	 1.96474	 1.00846	        -10471.8	         9948.99	        -522.777
      52	  1.9653	 1.01958	        -10474.6	         9951.82	        -522.795
      53	 1.96504	 1.03234	        -10473.2	         9950.51	        -522.659
      54	 1.96445	 1.04529	          -10470	         9947.52	        -522.449
      55	 1.96422	 1.05639	        -10468.6	         9946.36	        -522.282
      56	 1.96489	 1.06401	          -10472	         9949.76	        -522.266
      57	 1.96657	 1.06786	        -10480.6	         9958.23	        -522.378
      58	 1.96894	 1.06883	        -10492.8	         9970.25	        -522.537
      59	 1.97154	 1.06834	        -10506.1	         9983.39	        -522.692
      60	 1.97389	 1.06779	        -10518.1	         9995.33	         -522.79
      61	 1.97573	 1.06807	        -10527.4	         10004.6	        -522.777
      62	  1.9771	 1.06915	        -10534.2	         10011.5	        -522.667
      63	 1.97828	 1.07022	        -10540.1	         10017.6	         -522.55
      64	 1.97963	 1.07039	        -10546.9	         10024.4	        -522.515
      65	 1.98126	 1.06943	        -10555.2	         10032.6	        -522.589
      66	 1.98298	 1.06793	          -10564	         10041.3	         -522.71
      67	 1.98449	  1.0669	        -10571.8	           10049	        -522.804
      68	 1.98553	 1.06715	        -10577.1	         10054.2	        -522.845
      69	 1.98598	 1.06902	        -10579.3	         10056.5	        -522.826
      70	 1.98594	 1.07224	          -10579	         10056.3	        -522.701
      71	 1.98585	 1.07564	        -10578.3	         10055.8	        -522.479
      72	 1.98626	 1.07745	        -10580.3	         10057.9	        -522.383
      73	 1.98743	 1.07696	        -10586.4	         10063.9	        -522.512
      74	 1.98902	 1.07516	        -10594.6	         10071.9	        -522.666
      75	 1.99057	 1.07343	        -10602.5	         10079.7	        -522.751
      76	 1.99176	 1.07261	        -10608.6	         10085.8	        -522.809
      77	 1.99241	 1.07322	        -10611.9	         10089.1	        -522.823
      78	 1.99251	 1.07529	        -10612.3	         10089.5	        -522.783
      79	 1.99218	 1.07838	        -10610.6	         10087.9	        -522.721
      80	 1.99166	 1.08178	        -10607.9	         10085.3	        -522.652
      81	  1.9912	 1.08471	        -10605.6	           10083	        -522.611
      82	 1.99098	 1.08666	        -10604.5	         10081.8	        -522.623
      83	 1.99106	 1.08751	        -10604.8	         10082.2	        -522.616
      84	 1.99151	  1.0871	          -10607	         10084.5	        -522.526
      85	 1.99256	 1.08485	        -10612.2	         10089.8	        -522.446
      86	 1.99431	 1.08045	        -10621.2	         10098.7	        -522.533
      87	 1.99644	 1.07495	        -10632.3	         10109.5	        -522.793
      88	 1.99817	 1.07069	        -10641.3	         10118.2	        -523.067
      89	  1.9987	 1.07003	        -10644.2	         10120.9	         -523.25
      90	 1.99754	 1.07441	        -10638.3	           10115	        -523.307
      91	 1.99466	 1.08384	        -10623.6	         10100.5	        -523.164
      92	 1.99071	 1.09644	        -10603.2	         10080.5	        -522.782
      93	 1.98695	 1.10839	        -10583.8	         10061.4	        -522.351
      94	 1.98471	 1.11563	        -10572.3	         10050.1	        -522.221
      95	 1.98446	 1.11671	        -10571.3	         10048.8	        -522.471
      96	  1.9856	 1.11333	        -10577.4	         10054.6	        -522.794
      97	 1.98721	 1.10818	        -10585.7	         10062.7	        -522.933
      98	 1.98879	 1.10271	        -10593.6	         10070.7	        -522.872
      99	 1.99036	 1.09683	        -10601.4	         10078.7	         -522.72
     100	  1.9922	 1.08969	        -10610.6	           10088	        -522.639
     101	 1.99445	 1.08094	        -10622.1	         10099.4	        -522.717
     102	 1.99682	 1.07141	        -10634.3	         10111.4	        -522.871
     103	 1.99887	 1.06251	        -10644.7	         10121.7	        -522.944
     104	 2.00032	 1.05503	          -10652	         10129.1	        -522.859
     105	 2.00135	 1.04855	          -10657	         10134.3	        -522.696
     106	 2.00232	 1.04198	        -10661.8	         10139.2	         -522.56
     107	 2.00361	  1.0344	        -10668.2	         10145.8	         -522.45
     108	 2.00548	 1.02513	        -10677.6	         10155.2	        -522.374
     109	 2.00807	 1.01388	        -10690.8	         10168.3	        -522.411
     110	 2.01118	 1.00136	        -10706.7	         10184.1	        -522.618
     111	 2.01417	0.989595	        -10722.2	         10199.2	        -522.946
     112	  2.0161	0.981468	        -10732.2	           10209	        -523.211
     113	 2.01627	0.979161	        -10733.1	         10209.9	        -523.182
     114	 2.01478	0.982466	        -10725.2	         10202.3	        -522.886
     115	  2.0124	0.989041	        -10712.9	         10190.3	        -522.624
     116	 2.00989	0.996615	        -10700.1	         10177.6	        -522.559
     117	 2.00751	 1.00437	        -10688.2	         10165.5	        -522.673
     118	 2.00502	 1.01288	        -10675.8	         10152.9	        -522.853
     119	 2.00203	  1.0232	        -10660.7	         10137.8	        -522.948
     120	 1.99836	 1.03568	        -10642.1	         10119.2	        -522.886
     121	  1.9943	 1.04934	        -10621.3	         10098.6	        -522.707
     122	 1.99047	  1.0622	        -10601.7	         10079.2	        -522.483
     123	 1.98762	 1.07197	        -10587.1	         10064.8	        -522.277
     124	 1.98641	 1.07666	        -10580.9	         10058.7	         -522.15
     125	 1.98719	 1.07521	        -10584.8	         10062.7	        -522.169
     126	 1.98983	 1.06804	        -10598.4	           10076	        -522.347
     127	  1.9937	 1.05706	        -10618.3	         10095.6	        -522.667
     128	 1.99774	 1.04542	        -10639.1	         10116.1	         -523.06
     129	 2.00078	 1.03669	        -10654.8	         10131.5	        -523.362
     130	 2.00199	 1.03342	        -10660.9	         10137.5	         -523.39
     131	 2.00132	 1.03574	        -10657.3	         10134.2	        -523.127
     132	 1.99954	  1.0414	          -10648	         10125.2	        -522.844
     133	 1.99748	 1.04788	        -10637.5	         10114.8	        -522.698
     134	 1.99564	 1.05374	        -10628.1	         10105.4	        -522.651
     135	 1.99415	 1.05849	        -10620.5	         10097.9	        -522.636
     136	 1.99306	 1.06201	        -10614.9	         10092.3	        -522.596
     137	 1.99238	 1.06417	        -10611.5	         10088.9	         -522.61
     138	 1.99202	 1.06526	        -10609.8	         10087.1	        -522.712
     139	 1.99171	 1.06608	        -10608.2	         10085.5	        -522.738
     140	 1.99139	 1.06683	        -10606.5	         10083.9	        -522.609
     141	 1.99138	  1.0666	        -10606.3	         10083.8	        -522.488
     142	 1.99197	 1.06448	        -10609.4	         10086.8	        -522.528
     143	 1.99308	 1.06077	        -10615.2	         10092.5	        -522.685
     144	 1.99432	 1.05669	        -10621.6	         10098.7	         -522.84
     145	 1.99527	 1.05344	        -10626.4	         10103.5	          -522.9
     146	 1.99581	 1.05148	        -10629.1	         10106.3	        -522.848
     147	 1.99606	 1.05045	        -10630.4	         10107.6	        -522.802
     148	 1.99612	 1.05009	        -10630.7	         10107.9	        -522.848
     149	 1.99588	 1.05076	        -10629.5	         10106.6	        -522.886
     150	 1.99522	 1.05279	        -10626.1	         10103.3	         -522.82
     151	 1.99432	 1.05568	        -10621.4	         10098.7	        -522.668
     152	 1.99358	 1.05819	        -10617.5	           10095	        -522.516
     153	 1.99341	 1.05909	        -10616.6	         10094.1	        -522.477
     154	 1.99392	 1.05804	        -10619.3	         10096.7	        -522.566
     155	 1.99489	 1.05575	        -10624.3	         10101.6	        -522.675
     156	 1.99601	 1.05315	          -10630	         10107.3	        -522.714
     157	 1.99712	 1.05073	        -10635.6	         10112.9	        -522.703
     158	  1.9982	 1.04861	        -10641.1	         10118.4	        -522.739
     159	 1.99911	 1.04724	        -10645.9	           10123	        -522.853
     160	 1.99956	 1.04754	        -10648.2	         10125.3	        -522.937
     161	 1.99936	 1.05012	        -10647.2	         10124.2	        -522.916
     162	 1.99855	 1.05476	          -10643	         10120.1	        -522.893
     163	 1.99723	 1.06111	        -10636.4	         10113.4	        -522.923
     164	  1.9954	 1.06905	        -10627.1	         10104.2	        -522.897
     165	 1.99319	 1.07808	        -10615.8	           10093	        -522.811
     166	 1.99088	 1.08725	        -10604.1	         10081.3	        -522.748
     167	  1.9887	 1.09571	          -10593	         10070.3	        -522.697
     168	 1.98688	 1.10278	        -10583.7	           10061	        -522.654
     169	 1.98551	 1.10804	        -10576.8	         10054.1	        -522.719
     170	 1.98443	  1.1119	        -10571.6	         10048.7	        -522.881
     171	  1.9833	 1.11545	        -10565.9	         10042.9	        -522.947
     172	 1.98203	 1.11892	        -10559.3	         10036.5	        -522.793
     173	 1.98115	 1.12084	        -10554.6	         10032.1	        -522.505
     174	 1.98148	  1.1188	        -10556.1	         10033.7	        -522.362
     175	 1.98341	 1.11164	          -10566	         10043.5	        -522.497
     176	 1.98654	 1.10065	        -10582.2	         10059.4	        -522.814
     177	 1.98992	 1.08872	        -10599.6	         10076.5	        -523.099
     178	 1.99263	 1.07862	        -10613.4	         10090.2	        -523.196
     179	 1.99422	 1.07165	        -10621.4	         10098.2	        -523.145
     180	 1.99475	 1.06775	        -10623.9	         10100.9	        -522.961
     181	  1.9947	 1.06553	        -10623.3	         10100.7	        -522.637
     182	 1.99498	 1.06246	        -10624.3	         10102.1	        -522.266
     183	 1.99655	 1.05571	        -10632.1	           10110	         -522.03
     184	 1.99997	 1.04376	        -10649.5	         10127.3	        -522.122
     185	 2.00483	 1.02783	        -10674.5	           10152	        -522.533
     186	 2.00989	 1.01176	        -10700.6	         10177.6	        -523.015
     187	 2.01368	 0.99993	        -10720.1	         10196.7	         -523.31
     188	 2.01529	0.995102	        -10728.2	         10204.9	        -523.324
     189	 2.01466	0.997537	        -10724.8	         10201.7	        -523.107
     190	 2.01245	 1.00532	        -10713.3	         10190.5	        -522.796
     191	 2.00961	  1.0156	        -10698.8	         10176.2	         -522.59
     192	 2.00689	 1.02618	        -10684.9	         10162.3	        -522.573
     193	 2.00447	 1.03636	        -10672.8	         10150.1	        -522.672
     194	 2.00217	 1.04652	        -10661.3	         10138.5	        -522.866
     195	 1.99952	 1.05785	        -10648.1	           10125	        -523.022
     196	 1.99618	  1.0712	        -10631.1	         10108.1	        -522.973
     197	 1.99236	  1.0858	        -10611.5	         10088.8	         -522.74
     198	 1.98879	 1.09935	        -10593.2	         10070.7	        -522.435
     199	 1.98641	 1.10898	        -10580.9	         10058.7	        -522.222
     200	 1.98588	 1.11266	        -10578.2	           10056	         -522.23
     201	 1.98723	  1.1103	        -10585.3	         10062.9	        -522.454
     202	 1.98986	 1.10371	        -10598.9	         10076.2	        -522.764
     203	 1.99289	 1.09555	        -10614.5	         10091.5	        -523.013
     204	 1.99559	 1.08817	        -10628.3	         10105.2	        -523.124
     205	 1.99756	 1.08283	        -10638.3	         10115.1	        -523.131
     206	  1.9987	 1.07999	          -10644	         10120.9	        -523.123
     207	 1.99898	 1.07987	        -10645.5	         10122.3	         -523.13
     208	 1.99837	 1.08266	        -10642.4	         10119.3	        -523.146
     209	 1.99684	 1.08847	        -10634.7	         10111.5	        -523.146
     210	 1.99448	 1.09705	        -10622.6	         10099.6	        -523.061
     211	 1.99166	 1.10728	        -10608.1	         10085.3	         -522.88
     212	 1.98901	 1.11718	        -10594.6	         10071.9	        -522.701
     213	 1.98718	 1.12477	        -10585.2	         10062.6	        -522.637
     214	 1.98648	 1.12904	        -10581.8	           10059	        -522.776
     215	 1.98663	 1.13069	        -10582.9	         10059.8	        -523.055
     216	   1.987	 1.13155	          -10585	         10061.7	        -523.294
     217	 1.98709	 1.13305	        -10585.4	         10062.1	        -523.302
     218	 1.98702	 1.13487	        -10584.9	         10061.8	        -523.107
     219	 1.98732	 1.13531	        -10586.4	         10063.3	        -523.062
     220	 1.98818	 1.13391	        -10590.9	         10067.6	        -523.214
     221	 1.98923	 1.13179	        -10596.3	           10073	        -523.328
     222	 1.99006	 1.13009	        -10600.6	         10077.2	        -523.395
     223	 1.99045	 1.12951	        -10602.5	         10079.2	        -523.352
     224	  1.9905	 1.12979	        -10602.5	         10079.4	         -523.14
     225	 1.99069	 1.12948	        -10603.3	         10080.3	        -522.947
     226	 1.99144	 1.12735	        -10607.1	         10084.1	        -522.942
     227	 1.99265	 1.12372	        -10613.4	         10090.3	        -523.134
     228	  1.9937	 1.12049	        -10618.9	         10095.6	        -523.371
     229	 1.99383	 1.11981	        -10619.8	         10096.3	        -523.498
     230	 1.99266	 1.12285	        -10613.8	         10090.3	        -523.444
     231	 1.99035	 1.12903	        -10601.8	         10078.6	        -523.196
     232	 1.98767	  1.1361	        -10587.9	         10065.1	        -522.835
     233	  1.9857	 1.14087	        -10577.6	         10055.1	        -522.547
     234	 1.98525	 1.14082	        -10575.3	         10052.8	        -522.499
     235	 1.98652	 1.13548	        -10581.9	         10059.2	         -522.66
     236	 1.98907	 1.12621	          -10595	         10072.1	        -522.835
     237	 1.99233	 1.11476	        -10611.6	         10088.7	        -522.931
     238	 1.99587	 1.10249	        -10629.6	         10106.6	        -522.995
     239	 1.99935	  1.0905	        -10647.2	         10124.2	        -522.997
     240	 2.00258	 1.07953	        -10663.6	         10140.5	        -523.036
     241	 2.00518	 1.07067	        -10676.9	         10153.7	        -523.201
     242	 2.00655	 1.06579	        -10683.9	         10160.7	        -523.252
     243	  2.0064	 1.06584	          -10683	         10159.9	        -523.125
     244	  2.0049	  1.0702	        -10675.3	         10152.3	        -522.957
     245	 2.00252	 1.07752	          -10663	         10140.2	        -522.792
     246	  1.9998	 1.08618	        -10649.1	         10126.5	        -522.639
     247	 1.99728	 1.09454	        -10636.3	         10113.7	         -522.58
     248	 1.99524	 1.10164	        -10626.1	         10103.4	        -522.655
     249	 1.99368	 1.10747	        -10618.3	         10095.5	        -522.749
     250	  1.9925	 1.11229	        -10612.2	         10089.5	        -522.755
     251	 1.99173	 1.11584	        -10608.4	         10085.6	        -522.746
     252	 1.99138	 1.11803	        -10606.8	         10083.8	        -522.915
     253	 1.99102	 1.12008	        -10605.1	           10082	        -523.137
     254	 1.99012	 1.12358	        -10600.6	         10077.5	        -523.115
     255	 1.98872	 1.12839	        -10593.3	         10070.4	        -522.919
     256	 1.98728	 1.13305	          -10586	         10063.1	        -522.845
     257	 1.98603	 1.13689	        -10579.8	         10056.8	         -522.98
     258	 1.98471	  1.1407	        -10573.2	         10050.1	        -523.134
     259	 1.98299	 1.14542	        -10564.5	         10041.4	        -523.142
     260	 1.98092	 1.15082	          -10554	         10030.9	         -523.05
     261	 1.97883	 1.15587	        -10543.3	         10020.3	        -522.989
     262	 1.97699	 1.15972	          -10534	           10011	        -522.957
     263	 1.97561	 1.16178	        -10526.9	           10004	        -522.895
     264	 1.97484	 1.16154	          -10523	         10000.1	        -522.856
     265	 1.97478	 1.15878	        -10522.6	         9999.79	         -522.79
     266	 1.97553	 1.15326	        -10526.3	         10003.6	         -522.66
     267	 1.97726	 1.14451	          -10535	         10012.4	        -522.622
     268	  1.9799	 1.13287	        -10548.5	         10025.7	        -522.732
     269	 1.98298	 1.11982	        -10564.2	         10041.3	        -522.865
     270	 1.98597	 1.10706	        -10579.4	         10056.5	        -522.917
     271	 1.98856	  1.0956	        -10592.5	         10069.6	        -522.924
     272	  1.9906	 1.08594	        -10602.9	         10079.9	        -522.971
     273	 1.99191	 1.07863	        -10609.6	         10086.6	        -523.068
     274	  1.9923	 1.07432	        -10611.6	         10088.5	        -523.145
     275	 1.99167	 1.07329	        -10608.4	         10085.3	        -523.116
     276	 1.99024	 1.07488	        -10601.1	         10078.1	        -523.009
     277	 1.98843	 1.07775	        -10591.9	         10068.9	        -522.934
     278	 1.98662	 1.08078	        -10582.7	         10059.8	        -522.932
     279	 1.98497	 1.08339	        -10574.4	         10051.4	        -522.959
     280	 1.98363	 1.08515	        -10567.5	         10044.6	        -522.886
     281	 1.98297	 1.08493	        -10563.9	         10041.3	        -522.648
     282	 1.98367	 1.08071	        -10567.4	         10044.8	        -522.552
     283	  1.9859	 1.07187	        -10578.9	         10056.1	        -522.802
     284	 1.98895	 1.06061	        -10594.7	         10071.6	         -523.17
     285	 1.99169	  1.0503	        -10608.9	         10085.4	        -523.443
     286	  1.9933	 1.04345	          -10617	         10093.5	         -523.44
     287	 1.99375	 1.04023	          -10619	         10095.9	        -523.103
     288	 1.99388	 1.03827	        -10619.3	         10096.5	        -522.773
     289	 1.99443	 1.03531	        -10622.1	         10099.3	        -522.824
     290	 1.99524	 1.03191	        -10626.5	         10103.4	        -523.065
     291	 1.99561	 1.03019	        -10628.4	         10105.3	        -523.131
     292	 1.99519	 1.03107	        -10626.2	         10103.1	         -523.04
     293	 1.99405	 1.03416	        -10620.3	         10097.4	        -522.939
     294	 1.99245	 1.03871	        -10612.1	         10089.3	        -522.834
     295	  1.9907	 1.04374	        -10603.1	         10080.4	          -522.7
     296	 1.98922	 1.04801	        -10595.5	         10072.9	        -522.558
     297	 1.98844	 1.05023	        -10591.4	           10069	        -522.453
     298	 1.98861	 1.04958	        -10592.4	         10069.8	        -522.537
     299	 1.98947	 1.04684	          -10597	         10074.2	        -522.848
     300	 1.99017	 1.04447	        -10600.9	         10077.7	        -523.129
     301	    1.99	 1.04466	          -10600	         10076.9	        -523.131
     302	 1.98895	  1.0474	        -10594.4	         10071.5	        -522.881
     303	 1.98769	 1.05067	        -10587.8	         10065.1	        -522.615
     304	 1.98697	 1.05225	          -10584	         10061.5	        -522.462
     305	 1.98726	 1.05083	        -10585.4	           10063	        -522.404
     306	 1.98864	 1.04615	        -10592.5	           10070	        -522.503
     307	 1.99071	 1.03933	        -10603.2	         10080.4	         -522.72
     308	  1.9928	 1.03243	        -10613.9	         10091.1	        -522.834
     309	 1.99451	 1.02673	        -10622.5	         10099.7	        -522.743
     310	 1.99595	 1.02197	        -10629.6	           10107	        -522.588
     311	  1.9974	 1.01732	        -10636.9	         10114.3	        -522.573
     312	 1.99887	 1.01289	        -10644.5	         10121.7	        -522.756
     313	 1.99985	 1.01016	        -10649.7	         10126.7	        -523.001
     314	 1.99975	 1.01097	        -10649.3	         10126.2	        -523.116
     315	 1.99832	 1.01598	          -10642	           10119	        -523.036
     316	 1.99586	 1.02424	        -10629.4	         10106.5	        -522.857
     317	   1.993	 1.03383	        -10614.7	         10092.1	        -522.681
     318	  1.9904	 1.04272	        -10601.4	         10078.9	         -522.51
     319	  1.9887	 1.04899	        -10592.7	         10070.3	        -522.366
     320	 1.98837	 1.05117	          -10591	         10068.6	        -522.406
     321	 1.98929	 1.04948	          -10596	         10073.3	         -522.72
     322	 1.99067	 1.04633	        -10603.3	         10080.3	        -523.028
     323	 1.99167	 1.04424	        -10608.3	         10085.3	        -523.046
     324	 1.99213	 1.04365	        -10610.5	         10087.7	        -522.808
     325	 1.99261	   1.043	        -10612.6	         10090.1	        -522.564
     326	 1.99363	 1.04069	        -10617.8	         10095.2	        -522.555
     327	 1.99516	 1.03688	        -10625.8	           10103	        -522.766
     328	 1.99658	 1.03347	        -10633.2	         10110.2	        -523.038
     329	 1.99709	 1.03278	          -10636	         10112.8	        -523.195
     330	 1.99625	 1.03615	        -10631.6	         10108.5	        -523.158
     331	 1.99414	 1.04325	        -10620.8	         10097.8	        -522.987
     332	 1.99129	 1.05254	        -10606.2	         10083.4	         -522.77
     333	  1.9884	 1.06196	        -10591.3	         10068.8	        -522.539
     334	 1.98619	 1.06935	        -10579.9	         10057.6	        -522.338
     335	 1.98529	 1.07287	        -10575.3	           10053	        -522.237
     336	 1.98601	 1.07155	        -10578.9	         10056.7	        -522.258
     337	 1.98833	 1.06553	        -10590.8	         10068.4	        -522.372
     338	 1.99189	 1.05581	          -10609	         10086.4	        -522.549
     339	 1.99615	 1.04411	        -10630.8	           10108	        -522.787
     340	 2.00032	 1.03274	        -10652.2	         10129.1	        -523.075
     341	 2.00354	 1.02433	        -10668.7	         10145.4	         -523.26
     342	 2.00528	 1.02059	        -10677.4	         10154.2	        -523.191
     343	 2.00563	 1.02124	          -10679	           10156	         -523.02
     344	 2.00497	  1.0251	        -10675.7	         10152.6	        -523.027
     345	 2.00336	 1.03195	        -10667.6	         10144.5	         -523.13
     346	 2.00081	 1.04185	        -10654.5	         10131.6	        -522.919
     347	 1.99817	 1.05233	        -10640.6	         10118.2	        -522.337
     348	 1.99694	 1.05864	        -10634.2	           10112	        -522.216
     349	 1.99751	 1.05957	        -10637.4	         10114.9	        -522.588
     350	 1.99895	 1.05793	          -10645	         10122.2	        -522.842
     351	 2.00033	 1.05629	        -10652.2	         10129.2	        -523.053
     352	 2.00089	  1.0567	        -10655.2	           10132	        -523.225
     353	 2.00021	 1.06048	        -10651.7	         10128.5	        -523.122
     354	  1.9986	  1.0667	        -10643.1	         10120.4	        -522.739
     355	 1.99711	  1.0722	        -10635.2	         10112.8	        -522.395
     356	 1.99673	 1.07407	        -10633.2	         10110.9	         -522.31
     357	 1.99777	 1.07147	        -10638.6	         10116.2	        -522.439
     358	 1.99991	 1.06542	        -10649.6	         10127.1	        -522.585
     359	 2.00269	 1.05744	        -10663.8	         10141.1	        -522.675
     360	 2.00563	 1.04886	        -10678.8	           10156	        -522.859
     361	  2.0081	 1.04168	        -10691.6	         10168.5	        -523.121
     362	 2.00933	 1.03833	          -10698	         10174.7	        -523.297
     363	 2.00876	 1.04046	        -10695.2	         10171.8	        -523.348
     364	 2.00627	 1.04851	        -10682.5	         10159.2	        -523.278
     365	 2.00212	 1.06169	        -10661.3	         10138.2	        -523.127
     366	 1.99685	 1.07836	        -10634.5	         10111.6	        -522.983
     367	  1.9911	 1.09666	        -10605.2	         10082.4	        -522.782
     368	 1.98567	 1.11416	        -10577.4	         10054.9	        -522.443
     369	 1.98164	 1.12761	        -10556.7	         10034.5	        -522.145
     370	 1.97992	 1.13424	        -10547.9	         10025.8	        -522.057
     371	 1.98085	 1.13313	        -10552.7	         10030.5	        -522.119
     372	 1.98421	 1.12497	        -10569.8	         10047.5	        -522.322
     373	 1.98922	 1.11203	        -10595.7	         10072.9	        -522.777
     374	 1.99446	 1.09865	        -10622.8	         10099.4	        -523.401
     375	 1.99805	 1.09045	        -10641.5	         10117.6	        -523.906
     376	  1.9985	  1.0919	          -10644	         10119.9	        -524.086
     377	 1.99529	 1.10457	        -10627.6	         10103.7	        -523.907
     378	 1.98897	 1.12675	        -10595.2	         10071.7	        -523.527
     379	 1.98076	  1.1547	        -10553.2	         10030.1	        -523.152
     380	 1.97195	 1.18438	        -10508.3	          9985.5	        -522.823
     381	 1.96375	 1.21204	        -10466.6	         9943.97	        -522.582
     382	 1.95702	 1.23481	        -10432.4	         9909.91	        -522.516
     383	 1.95217	 1.25132	        -10407.9	         9885.33	        -522.556
     384	 1.94926	 1.26123	        -10393.2	         9870.62	        -522.578
     385	  1.9483	 1.26444	        -10388.4	         9865.77	        -522.636
     386	 1.94911	 1.26139	        -10392.7	         9869.88	        -522.788
     387	 1.95127	 1.25337	        -10403.7	         9880.78	        -522.922
     388	 1.95433	 1.24169	        -10419.2	         9896.27	        -522.959
     389	 1.95809	 1.22697	        -10438.2	          9915.3	        -522.912
     390	 1.96258	 1.20924	        -10460.9	         9938.04	        -522.811
     391	 1.96798	 1.18814	        -10488.1	         9965.39	         -522.73
     392	 1.97436	 1.16364	        -10520.5	         9997.67	        -522.819
     393	 1.98129	 1.13717	        -10555.9	         10032.8	         -523.11
     394	 1.98788	 1.11166	        -10589.5	         10066.1	        -523.357
     395	 1.99332	 1.08975	          -10617	         10093.7	        -523.357
     396	 1.99741	  1.0722	        -10637.6	         10114.4	        -523.229
     397	 2.00021	 1.05877	        -10651.8	         10128.6	        -523.275
     398	 2.00152	 1.05019	        -10658.5	         10135.2	        -523.342
     399	 2.00115	  1.0471	        -10656.4	         10133.3	        -523.137
     400	 1.99959	 1.04792	        -10648.1	         10125.4	        -522.708
     401	 1.99801	 1.04912	        -10639.7	         10117.4	        -522.313
     402	 1.99745	 1.04744	        -10636.9	         10114.6	        -522.271
     403	 1.99812	 1.04229	        -10640.4	           10118	        -522.477
     404	 1.99951	 1.03513	        -10647.6	           10125	        -522.653
     405	 2.00112	 1.02744	        -10655.8	         10133.2	        -522.696
     406	 2.00283	 1.01961	        -10664.4	         10141.8	        -522.569
     407	 2.00495	 1.01086	          -10675	         10152.6	        -522.415
     408	 2.00779	 1.00033	        -10689.4	         10166.9	        -522.436
     409	 2.01123	0.988599	        -10706.9	         10184.3	        -522.589
     410	 2.01472	0.977405	        -10724.8	           10202	        -522.802
     411	 2.01753	0.969028	        -10739.3	         10216.3	        -523.042
     412	 2.01893	0.965744	        -10746.5	         10223.3	        -523.191
     413	  2.0185	0.968853	        -10744.3	         10221.2	        -523.161
     414	 2.01637	0.978009	        -10733.4	         10210.4	         -523.01
     415	 2.01303	0.991684	        -10716.4	         10193.5	        -522.888
     416	 2.00895	 1.00841	        -10695.7	         10172.8	        -522.937
     417	 2.00415	  1.0279	        -10671.6	         10148.5	        -523.128
     418	 1.99836	 1.05076	        -10642.4	         10119.2	        -523.212
     419	 1.99161	 1.07672	          -10608	           10085	        -523.013
     420	 1.98461	 1.10333	        -10572.2	         10049.6	        -522.655
     421	 1.97851	 1.12697	        -10541.1	         10018.7	        -522.402
     422	 1.97414	 1.14495	          -10519	         9996.58	        -522.392
     423	 1.97166	 1.15667	        -10506.6	         9984.03	        -522.576
     424	 1.97063	 1.16336	        -10501.6	         9978.79	        -522.799
     425	 1.97042	 1.16678	        -10500.6	         9977.72	        -522.923
     426	 1.97065	 1.16809	        -10501.8	          9978.9	        -522.909
     427	  1.9713	 1.16742	          -10505	         9982.19	        -522.826
     428	 1.97252	 1.16444	        -10511.2	         9988.35	        -522.802
     429	 1.97426	 1.15934	        -10520.1	         9997.19	         -522.93
     430	  1.9761	 1.15349	        -10529.6	         10006.5	        -523.127
     431	 1.97743	 1.14878	        -10536.4	         10013.2	        -523.184
     432	 1.97803	 1.14595	        -10539.3	         10016.3	        -523.014
     433	 1.97828	 1.14392	        -10540.3	         10017.5	        -522.759
     434	 1.97878	 1.14091	        -10542.6	         10020.1	         -522.58
     435	    1.98	 1.13563	        -10548.7	         10026.2	        -522.497
     436	 1.98208	 1.12772	        -10559.3	         10036.7	        -522.556
     437	 1.98472	 1.11799	        -10572.9	         10050.1	        -522.751
     438	 1.98732	 1.10829	        -10586.2	         10063.3	        -522.916
     439	 1.98934	 1.10019	        -10596.5	         10073.5	        -522.954
     440	 1.99064	 1.09416	          -10603	         10080.1	        -522.906
     441	 1.99137	 1.08973	        -10606.6	         10083.8	        -522.773
     442	 1.99202	 1.08562	        -10609.7	         10087.1	        -522.625
     443	   1.993	 1.08057	        -10614.8	         10092.1	        -522.722
     444	 1.99414	 1.07515	        -10620.8	         10097.8	        -523.016
     445	 1.99476	 1.07139	        -10624.1	           10101	        -523.176
     446	  1.9945	 1.07044	        -10622.7	         10099.6	        -523.095
     447	 1.99362	 1.07148	          -10618	         10095.2	        -522.851
     448	 1.99288	 1.07231	          -10614	         10091.4	        -522.566
     449	 1.99315	 1.07047	        -10615.2	         10092.8	        -522.361
     450	   1.995	 1.06431	        -10624.5	         10102.2	        -522.362
     451	 1.99829	 1.05424	        -10641.5	         10118.8	        -522.658
     452	 2.00206	 1.04319	          -10661	         10137.9	         -523.05
     453	 2.00503	 1.03502	        -10676.2	         10152.9	        -523.275
     454	 2.00632	 1.03227	        -10682.8	         10159.5	        -523.303
     455	 2.00571	 1.03563	        -10679.6	         10156.4	        -523.233
     456	 2.00337	 1.04453	        -10667.7	         10144.5	        -523.142
     457	 1.99972	 1.05764	        -10649.1	         10126.1	        -522.995
     458	 1.99547	 1.07285	        -10627.2	         10104.5	        -522.688
     459	 1.99173	 1.08674	        -10607.9	         10085.6	          -522.3
     460	 1.98969	 1.09566	        -10597.5	         10075.3	        -522.216
     461	 1.98964	 1.09858	        -10597.6	         10075.1	        -522.574
     462	 1.99072	 1.09808	        -10603.5	         10080.5	        -523.031
     463	 1.99169	 1.09781	        -10608.7	         10085.4	        -523.291
     464	 1.99178	 1.10002	        -10609.2	         10085.9	        -523.274
     465	 1.99102	 1.10473	        -10605.1	           10082	        -523.104
     466	 1.98985	 1.11063	          -10599	         10076.1	        -522.949
     467	 1.98879	 1.11631	        -10593.5	         10070.8	        -522.789
     468	 1.98834	 1.12037	        -10591.1	         10068.5	        -522.674
     469	 1.98872	 1.12203	        -10593.2	         10070.4	        -522.791
     470	  1.9896	  1.1223	        -10597.8	         10074.8	         -523.02
     471	  1.9903	 1.12315	        -10601.5	         10078.4	        -523.134
     472	 1.99035	 1.12586	        -10601.8	         10078.6	          -523.2
     473	 1.98944	 1.13123	        -10597.4	           10074	        -523.318
     474	 1.98729	 1.14006	        -10586.5	         10063.1	        -523.366
     475	 1.98392	 1.15221	        -10569.2	         10046.1	        -523.181
     476	 1.98001	 1.16559	        -10549.1	         10026.3	        -522.849
     477	 1.97664	 1.17685	        -10531.8	         10009.2	        -522.593
     478	 1.97469	  1.1833	        -10521.9	         9999.37	        -522.506
     479	 1.97449	 1.18391	          -10521	         9998.36	        -522.637
     480	 1.97569	 1.17966	        -10527.3	         10004.4	        -522.869
     481	 1.97759	 1.17259	          -10537	         10014.1	        -522.979
     482	 1.97975	 1.16404	        -10547.9	           10025	        -522.963
     483	 1.98201	 1.15447	        -10559.3	         10036.4	        -522.923
     484	 1.98435	   1.144	        -10571.2	         10048.3	        -522.899
     485	 1.98678	 1.13273	        -10583.4	         10060.5	        -522.849
     486	 1.98942	 1.12043	        -10596.6	         10073.9	        -522.702
     487	 1.99263	 1.10615	        -10612.7	         10090.2	        -522.578
     488	 1.99663	 1.08932	        -10633.2	         10110.4	         -522.73
     489	 2.00097	 1.07145	        -10655.4	         10132.4	        -522.991
     490	 2.00489	 1.05501	        -10675.3	         10152.2	        -523.091
     491	  2.0079	 1.04147	        -10690.6	         10167.5	        -523.102
     492	 2.00982	 1.03146	        -10700.3	         10177.2	        -523.074
     493	 2.01064	 1.02509	        -10704.4	         10181.4	        -522.987
     494	 2.01054	 1.02188	        -10703.8	         10180.9	        -522.905
     495	 2.00972	 1.02119	        -10699.6	         10176.7	        -522.879
     496	 2.00831	 1.02258	        -10692.4	         10169.6	        -522.809
     497	 2.00665	 1.02511	        -10683.7	         10161.1	        -522.582
     498	 2.00541	 1.02672	        -10677.2	         10154.9	        -522.307
     499	 2.00532	 1.02518	        -10676.7	         10154.4	        -522.236
     500	 2.00658	 1.01992	        -10683.2	         10160.8	         -522.42
     501	 2.00867	 1.01248	        -10694.1	         10171.4	        -522.669
     502	 2.01083	 1.00512	        -10705.2	         10182.3	        -522.878
     503	 2.01233	0.999898	          -10713	         10189.9	        -523.071
     504	 2.01257	0.998576	        -10714.3	         10191.1	        -523.228
     505	 2.01111	 1.00237	          -10707	         10183.8	        -523.275
     506	 2.00792	 1.01135	        -10690.8	         10167.6	        -523.196
     507	 2.00338	 1.02433	        -10667.6	         10144.6	        -523.024
     508	 1.99822	 1.03906	        -10641.3	         10118.5	        -522.775
     509	 1.99344	  1.0526	        -10616.8	         10094.3	        -522.498
     510	 1.99007	 1.06187	        -10599.6	         10077.2	        -522.322
     511	 1.98883	 1.06481	        -10593.2	         10070.9	         -522.33
     512	 1.98983	 1.06113	        -10598.5	           10076	        -522.465
     513	 1.99272	 1.05203	        -10613.3	         10090.6	        -522.694
     514	  1.9967	 1.03988	        -10633.8	         10110.8	        -523.006
     515	 2.00076	 1.02783	        -10654.6	         10131.4	         -523.21
     516	 2.00412	 1.01831	        -10671.5	         10148.3	        -523.195
     517	 2.00651	 1.01206	        -10683.5	         10160.4	        -523.101
     518	 2.00799	 1.00897	        -10690.9	         10167.9	        -523.027
     519	 2.00865	  1.0088	        -10694.2	         10171.3	        -522.942
     520	 2.00863	  1.0111	          -10694	         10171.2	        -522.843
     521	 2.00814	 1.01526	        -10691.5	         10168.7	        -522.781
     522	 2.00729	 1.02084	        -10687.2	         10164.4	        -522.798
     523	   2.006	 1.02799	        -10680.8	         10157.9	         -522.91
     524	 2.00399	 1.03747	        -10670.7	         10147.7	        -523.034
     525	 2.00099	 1.04997	        -10655.5	         10132.5	        -523.034
     526	  1.9971	 1.06511	        -10635.7	         10112.8	        -522.915
     527	 1.99278	 1.08148	        -10613.7	         10090.9	        -522.788
     528	 1.98858	 1.09742	        -10592.4	         10069.7	        -522.727
     529	 1.98484	 1.11183	        -10573.6	         10050.7	        -522.823
     530	 1.98148	  1.1249	        -10556.8	         10033.7	        -523.048
     531	 1.97809	 1.13778	        -10539.7	         10016.6	        -523.171
     532	 1.97449	 1.15097	        -10521.4	         9998.34	        -523.108
     533	 1.97098	  1.1635	        -10503.5	         9980.55	        -522.905
     534	 1.96826	 1.17329	        -10489.4	          9966.8	        -522.621
     535	 1.96717	 1.17781	        -10483.8	         9961.29	        -522.474
     536	 1.96808	  1.1759	        -10488.5	         9965.88	        -522.667
     537	 1.97042	  1.1692	        -10500.8	         9977.74	        -523.035
     538	 1.97317	 1.16081	        -10514.8	         9991.64	        -523.192
     539	 1.97571	 1.15252	        -10527.6	         10004.5	        -523.075
     540	 1.97812	 1.14406	        -10539.7	         10016.7	        -522.927
     541	 1.98064	 1.13479	        -10552.3	         10029.5	        -522.823
     542	 1.98346	 1.12423	        -10566.4	         10043.7	        -522.689
     543	 1.98682	 1.11176	        -10583.3	         10060.8	        -522.547
     544	 1.99096	 1.09674	        -10604.2	         10081.7	        -522.505
     545	 1.99585	 1.07938	        -10629.1	         10106.5	        -522.653
     546	 2.00095	 1.06141	        -10655.3	         10132.3	        -522.959
     547	 2.00533	 1.04569	        -10677.7	         10154.5	        -523.261
     548	 2.00815	 1.03487	        -10692.1	         10168.7	        -523.343
     549	 2.00923	 1.02964	        -10697.3	         10174.2	        -523.111
     550	 2.00925	 1.02809	        -10697.1	         10174.3	        -522.768
     551	 2.00917	 1.02744	        -10696.5	         10173.9	        -522.658
     552	 2.00937	 1.02658	        -10697.7	         10174.9	        -522.766
     553	 2.00969	 1.02614	        -10699.4	         10176.5	        -522.843
     554	 2.00991	 1.02669	        -10700.5	         10177.7	         -522.86
     555	 2.00994	 1.02849	        -10700.8	         10177.8	        -522.943
     556	 2.00951	 1.03222	        -10698.8	         10175.6	        -523.142
     557	 2.00808	 1.03939	        -10691.7	         10168.4	        -523.302
     558	 2.00527	 1.05111	        -10677.4	         10154.2	        -523.254
     559	 2.00126	 1.06673	        -10656.9	         10133.9	        -522.988
     560	 1.99682	 1.08385	        -10634.1	         10111.4	        -522.678
     561	 1.99287	 1.09963	        -10613.9	         10091.4	        -522.529
     562	 1.98991	 1.11252	          -10599	         10076.4	        -522.581
     563	 1.98786	  1.1226	        -10588.8	           10066	        -522.759
     564	 1.98629	 1.13104	          -10581	         10058.1	        -522.899
     565	 1.98489	 1.13868	        -10573.8	           10051	         -522.86
     566	 1.98383	 1.14496	        -10568.3	         10045.6	        -522.653
     567	  1.9837	 1.14807	        -10567.4	           10045	        -522.454
     568	 1.98503	 1.14644	        -10574.2	         10051.7	        -522.503
     569	 1.98764	 1.14053	        -10587.7	         10064.9	         -522.82
     570	 1.99068	 1.13297	        -10603.4	         10080.3	        -523.124
     571	 1.99327	  1.1264	        -10616.6	         10093.4	        -523.176
     572	 1.99515	 1.12166	        -10625.9	         10102.9	        -523.029
     573	 1.99655	   1.118	        -10632.9	           10110	        -522.873
     574	 1.99782	 1.11454	        -10639.2	         10116.4	        -522.804
     575	 1.99903	 1.11103	        -10645.4	         10122.6	        -522.843
     576	 2.00002	 1.10804	        -10650.5	         10127.6	        -522.972
     577	 2.00036	 1.10674	        -10652.5	         10129.3	        -523.126
     578	 1.99966	  1.1083	          -10649	         10125.8	        -523.208
     579	 1.99775	 1.11314	        -10639.2	         10116.1	        -523.139
     580	 1.99494	 1.12026	        -10624.8	         10101.9	        -522.897
     581	 1.99209	  1.1272	          -10610	         10087.4	        -522.534
     582	 1.99035	 1.13055	        -10600.8	         10078.6	        -522.197
     583	 1.99074	 1.12735	        -10602.7	         10080.6	        -522.125
     584	 1.99351	 1.11699	          -10617	         10094.6	         -522.42
     585	 1.99788	 1.10195	        -10639.6	         10116.8	        -522.798
     586	 2.00276	 1.08567	        -10664.5	         10141.5	        -523.004
     587	 2.00733	 1.07064	        -10687.8	         10164.6	        -523.143
     588	 2.01096	 1.05878	        -10706.3	           10183	        -523.294
     589	 2.01307	 1.05184	        -10717.1	         10193.7	        -523.396
     590	 2.01332	 1.05088	        -10718.3	         10194.9	         -523.34
     591	 2.01186	 1.05538	        -10710.6	         10187.5	        -523.088
     592	 2.00941	 1.06311	        -10697.9	         10175.1	        -522.795
     593	 2.00684	 1.07137	        -10684.8	         10162.1	        -522.616
     594	 2.00478	 1.07826	        -10674.2	         10151.7	        -522.531
     595	 2.00352	 1.08282	        -10667.9	         10145.3	        -522.566
     596	 2.00295	 1.08524	        -10665.2	         10142.4	        -522.752
     597	 2.00259	 1.08691	        -10663.5	         10140.6	        -522.937
     598	 2.00195	 1.08927	        -10660.4	         10137.3	        -523.012
     599	 2.00081	 1.09289	        -10654.6	         10131.6	        -523.026
     600	  1.9992	 1.09764	        -10646.4	         10123.4	        -523.006
     601	 1.99735	 1.10294	          -10637	         10114.1	        -522.878
     602	 1.99573	 1.10741	        -10628.6	         10105.9	        -522.687
     603	 1.99491	 1.10937	        -10624.3	         10101.7	        -522.601
     604	 1.99513	 1.10819	        -10625.5	         10102.8	        -522.649
     605	 1.99619	 1.10451	          -10631	         10108.2	        -522.768
     606	 1.99762	 1.09982	        -10638.4	         10115.4	         -522.96
     607	 1.99872	 1.09619	        -10644.2	           10121	        -523.184
     608	 1.99878	  1.0958	        -10644.6	         10121.3	        -523.349
     609	 1.99727	 1.10014	        -10637.1	         10113.7	        -523.397
     610	 1.99414	  1.1094	        -10621.1	         10097.8	        -523.255
     611	 1.98991	 1.12197	        -10599.3	         10076.4	        -522.919
     612	 1.98565	 1.13457	        -10577.4	         10054.8	        -522.623
     613	  1.9823	 1.14421	        -10560.5	         10037.9	        -522.605
     614	 1.98022	 1.14984	          -10550	         10027.3	        -522.677
     615	 1.97954	 1.15104	        -10546.4	         10023.9	        -522.462
     616	 1.98098	 1.14569	        -10553.3	         10031.2	        -522.156
     617	  1.9852	 1.13162	          -10575	         10052.6	        -522.382
     618	 1.99154	 1.11093	        -10607.7	         10084.7	        -523.074
     619	 1.99808	 1.08952	        -10641.4	         10117.7	        -523.622
     620	 2.00315	 1.07242	        -10667.2	         10143.4	        -523.714
     621	 2.00633	 1.06104	          -10683	         10159.5	        -523.451
     622	 2.00821	 1.05374	        -10692.2	           10169	        -523.159
     623	 2.00952	 1.04836	        -10698.8	         10175.7	        -523.071
     624	 2.01054	 1.04422	          -10704	         10180.9	        -523.134
     625	 2.01113	 1.04178	        -10706.9	         10183.8	        -523.061
     626	 2.01137	 1.04075	        -10707.9	           10185	        -522.862
     627	 2.01157	 1.04011	        -10708.9	         10186.1	        -522.842
     628	 2.01162	 1.04018	        -10709.4	         10186.3	        -523.028
     629	 2.01095	  1.0427	        -10706.1	         10182.9	        -523.142
     630	 2.00915	 1.04886	        -10696.9	         10173.8	         -523.07
     631	 2.00634	 1.05828	        -10682.5	         10159.6	        -522.895
     632	 2.00296	 1.06953	        -10665.2	         10142.5	        -522.764
     633	  1.9994	 1.08133	        -10647.2	         10124.4	        -522.804
     634	 1.99566	 1.09353	        -10628.4	         10105.5	        -522.946
     635	 1.99154	 1.10657	        -10607.6	         10084.7	        -522.959
     636	 1.98718	  1.1199	        -10585.4	         10062.6	        -522.758
     637	 1.98322	 1.13143	        -10565.1	         10042.6	        -522.522
     638	 1.98038	 1.13885	        -10550.7	         10028.2	        -522.477
     639	 1.97892	 1.14136	        -10543.4	         10020.8	        -522.579
     640	 1.97878	 1.13926	        -10542.6	         10020.1	        -522.522
     641	 1.98027	 1.13183	        -10549.7	         10027.6	        -522.149
     642	 1.98433	 1.11647	        -10570.1	         10048.2	        -521.899
     643	 1.99133	  1.0922	        -10605.9	         10083.6	        -522.354
     644	 1.99983	  1.0636	        -10649.8	         10126.6	        -523.165
     645	 2.00736	 1.03832	        -10688.5	         10164.7	        -523.796
     646	 2.01182	 1.02264	        -10711.4	         10187.4	        -524.061
     647	 2.01232	 1.01937	        -10713.7	         10189.8	        -523.883
     648	 2.00933	 1.02715	        -10698.1	         10174.7	        -523.326
     649	 2.00447	 1.04121	        -10672.9	         10150.1	        -522.784
     650	 1.99937	 1.05658	        -10646.9	         10124.3	        -522.589
     651	 1.99488	 1.07069	        -10624.1	         10101.5	         -522.55
     652	 1.99136	 1.08229	        -10606.2	         10083.7	         -522.45
     653	  1.9892	 1.09008	        -10595.2	         10072.8	          -522.4
     654	 1.98853	 1.09342	          -10592	         10069.4	        -522.617
     655	  1.9888	  1.0938	        -10593.8	         10070.8	        -523.025
     656	   1.989	 1.09425	        -10595.1	         10071.8	        -523.321
     657	 1.98836	   1.097	        -10591.9	         10068.5	        -523.341
     658	 1.98685	  1.1021	          -10584	         10060.9	        -523.126
     659	 1.98514	 1.10765	        -10575.1	         10052.2	        -522.822
     660	 1.98408	  1.1111	        -10569.5	         10046.9	        -522.648
     661	 1.98419	 1.11097	        -10570.1	         10047.5	        -522.669
     662	 1.98545	 1.10738	        -10576.6	         10053.8	        -522.775
     663	  1.9875	  1.1014	        -10587.1	         10064.2	        -522.935
     664	 1.98976	 1.09468	        -10598.8	         10075.7	        -523.188
     665	 1.99148	 1.08949	        -10607.8	         10084.4	         -523.38
     666	 1.99213	 1.08749	          -10611	         10087.6	        -523.341
     667	 1.99176	 1.08847	        -10608.9	         10085.8	        -523.162
     668	 1.99085	 1.09102	        -10604.2	         10081.2	        -523.009
     669	  1.9899	 1.09373	        -10599.2	         10076.3	        -522.902
     670	 1.98925	 1.09556	        -10595.8	         10073.1	         -522.78
     671	 1.98929	 1.09541	        -10595.9	         10073.3	         -522.65
     672	 1.99038	 1.09224	        -10601.4	         10078.8	        -522.605
     673	 1.99261	 1.08579	        -10612.8	         10090.1	         -522.75
     674	 1.99556	 1.07736	        -10628.1	           10105	        -523.069
     675	 1.99833	 1.06968	        -10642.4	           10119	        -523.408
     676	 1.99994	 1.06564	        -10650.8	         10127.2	        -523.586
     677	 1.99989	 1.06679	        -10650.4	         10126.9	        -523.463
     678	 1.99852	 1.07212	          -10643	           10120	        -523.038
     679	 1.99697	 1.07828	        -10634.7	         10112.2	        -522.561
     680	 1.99651	 1.08153	        -10632.2	         10109.8	        -522.342
     681	 1.99768	 1.08025	        -10638.2	         10115.8	        -522.481
     682	 2.00004	 1.07582	        -10650.5	         10127.7	        -522.874
     683	 2.00236	 1.07179	        -10662.7	         10139.4	         -523.31
     684	 2.00331	 1.07208	        -10667.8	         10144.2	        -523.581
     685	 2.00207	  1.0791	        -10661.5	           10138	        -523.567
     686	 1.99867	 1.09263	        -10644.1	         10120.8	        -523.307
     687	  1.9939	 1.11025	        -10619.6	         10096.6	        -523.019
     688	 1.98873	 1.12891	        -10593.3	         10070.4	        -522.813
     689	 1.98399	 1.14602	          -10569	         10046.5	         -522.59
     690	 1.98051	 1.15897	        -10551.1	         10028.8	        -522.306
     691	 1.97916	 1.16504	        -10544.1	           10022	        -522.132
     692	 1.98033	 1.16289	        -10550.2	         10027.9	        -522.323
     693	 1.98345	 1.15425	        -10566.4	         10043.7	        -522.753
     694	 1.98727	 1.14295	        -10586.1	         10063.1	        -523.064
     695	 1.99077	 1.13218	          -10604	         10080.8	        -523.186
     696	 1.99336	 1.12372	        -10617.2	         10093.9	        -523.304
     697	  1.9946	 1.11903	        -10623.6	         10100.2	        -523.431
     698	 1.99414	 1.11927	        -10621.3	         10097.8	        -523.414
     699	 1.99208	 1.12425	        -10610.6	         10087.4	        -523.214
     700	 1.98902	 1.13215	        -10594.8	         10071.9	        -522.943
     701	 1.98582	 1.14039	        -10578.4	         10055.7	        -522.752
     702	 1.98316	 1.14688	        -10564.9	         10042.2	        -522.717
     703	  1.9813	 1.15075	        -10555.6	         10032.8	        -522.795
     704	 1.98022	 1.15204	        -10550.2	         10027.3	        -522.871
     705	 1.97984	 1.15088	        -10548.3	         10025.5	        -522.835
     706	 1.98033	 1.14677	        -10550.7	         10027.9	        -522.762
     707	 1.98187	 1.13913	        -10558.5	         10035.7	        -522.781
     708	  1.9844	 1.12823	        -10571.3	         10048.5	        -522.841
     709	 1.98761	 1.11498	        -10587.7	         10064.8	        -522.971
     710	 1.99098	 1.10097	          -10605	         10081.8	        -523.145
     711	 1.99392	 1.08812	        -10619.9	         10096.7	        -523.159
     712	  1.9962	 1.07716	        -10631.2	         10108.2	         -523.01
     713	 1.99802	 1.06758	        -10640.4	         10117.5	        -522.869
     714	 1.99966	 1.05874	        -10648.5	         10125.7	          -522.8
     715	 2.00121	 1.05043	        -10656.4	         10133.6	        -522.757
     716	 2.00274	 1.04261	        -10664.1	         10141.4	        -522.735
     717	 2.00422	 1.03541	        -10671.7	         10148.9	          -522.8
     718	 2.00539	  1.0296	        -10677.8	         10154.8	        -523.018
     719	 2.00564	 1.02703	        -10679.3	           10156	        -523.292
     720	 2.00428	 1.02969	        -10672.5	         10149.1	        -523.395
     721	 2.00113	 1.03809	        -10656.4	         10133.2	        -523.222
     722	 1.99681	 1.05031	        -10634.1	         10111.3	        -522.801
     723	 1.99262	 1.06242	        -10612.4	         10090.1	        -522.284
     724	 1.99003	 1.06995	          -10599	           10077	        -522.005
     725	 1.98977	 1.07055	        -10597.8	         10075.7	        -522.171
     726	 1.99134	 1.06558	        -10606.2	         10083.7	        -522.548
     727	 1.99365	 1.05826	        -10618.1	         10095.3	        -522.783
     728	 1.99583	 1.05099	        -10629.2	         10106.4	        -522.816
     729	 1.99761	 1.04452	        -10638.1	         10115.4	        -522.735
     730	 1.99913	 1.03848	        -10645.7	         10123.1	        -522.587
     731	 2.00076	 1.03185	        -10653.8	         10131.3	         -522.46
     732	 2.00277	 1.02381	          -10664	         10141.5	        -522.496
     733	 2.00504	 1.01476	        -10675.7	           10153	        -522.673
     734	 2.00712	 1.00615	        -10686.3	         10163.5	        -522.786
     735	 2.00869	0.998932	        -10694.2	         10171.5	          -522.7
     736	 2.00995	0.992621	        -10700.4	         10177.8	        -522.534
     737	 2.01125	0.986151	          -10707	         10184.4	        -522.506
     738	 2.01266	0.979454	        -10714.2	         10191.6	        -522.604
     739	 2.01389	0.973428	        -10720.5	         10197.8	        -522.663
     740	 2.01474	 0.96879	        -10724.8	         10202.1	        -522.671
     741	 2.01509	0.965851	        -10726.6	         10203.9	        -522.704
     742	 2.01484	0.964953	        -10725.4	         10202.6	        -522.748
     743	 2.01394	0.966338	        -10720.7	           10198	        -522.709
     744	 2.01256	0.969498	        -10713.6	         10191.1	        -522.556
     745	 2.01118	0.973061	        -10706.5	         10184.1	        -522.442
     746	 2.01009	0.976015	        -10701.2	         10178.6	        -522.559
     747	 2.00906	0.979086	        -10696.2	         10173.3	        -522.827
     748	 2.00747	0.984053	        -10688.2	         10165.3	        -522.916
     749	  2.0052	0.991299	        -10676.5	         10153.8	        -522.676
     750	 2.00293	0.998753	        -10664.7	         10142.3	        -522.383
     751	 2.00154	 1.00384	        -10657.5	         10135.3	         -522.25
     752	 2.00148	 1.00527	        -10657.3	           10135	        -522.287
     753	 2.00258	 1.00352	        -10663.2	         10140.5	        -522.635
     754	  2.0038	 1.00164	        -10669.8	         10146.7	         -523.09
     755	 2.00382	 1.00354	        -10670.2	         10146.8	        -523.353
     756	 2.00185	 1.01148	        -10660.2	         10136.9	        -523.358
     757	 1.99795	 1.02521	        -10640.2	         10117.1	        -523.056
     758	 1.99316	 1.04163	        -10615.4	         10092.9	        -522.509
     759	 1.98915	  1.0557	        -10594.7	         10072.6	        -522.116
     760	 1.98713	 1.06367	        -10584.5	         10062.4	        -522.106
     761	 1.98732	 1.06492	        -10585.6	         10063.3	        -522.292
     762	 1.98916	 1.06096	        -10595.2	         10072.6	        -522.568
     763	 1.99179	 1.05429	        -10608.8	         10085.9	        -522.859
     764	 1.99429	 1.04763	        -10621.6	         10098.6	        -523.004
     765	 1.99616	 1.04255	          -10631	         10108.1	         -522.96
     766	 1.99735	 1.03919	          -10637	         10114.1	        -522.921
     767	 1.99788	 1.03754	        -10639.7	         10116.8	        -522.947
     768	 1.99769	 1.03783	        -10638.7	         10115.8	         -522.86
     769	 1.99701	 1.03947	          -10635	         10112.3	        -522.685
     770	 1.99629	 1.04105	        -10631.3	         10108.7	        -522.593
     771	 1.99588	 1.04166	        -10629.2	         10106.6	        -522.636
     772	 1.99578	  1.0413	        -10628.9	         10106.1	         -522.74
     773	 1.99591	 1.04038	        -10629.5	         10106.8	        -522.755
     774	 1.99638	 1.03867	        -10631.8	         10109.2	        -522.638
     775	 1.99753	 1.03522	        -10637.7	           10115	        -522.667
     776	 1.99927	 1.03033	        -10646.7	         10123.8	        -522.924
     777	 2.00095	 1.02604	        -10655.4	         10132.3	        -523.136
     778	  2.0019	 1.02431	        -10660.3	         10137.1	        -523.229
     779	 2.00173	 1.02624	        -10659.5	         10136.2	        -523.294
     780	 2.00019	 1.03244	        -10651.8	         10128.5	        -523.313
     781	 1.99724	 1.04297	        -10636.8	         10113.5	         -523.22
     782	 1.99321	 1.05672	        -10616.1	         10093.1	        -522.967
     783	 1.98889	 1.07117	        -10593.8	         10071.2	        -522.587
     784	 1.98542	 1.08281	          -10576	         10053.7	        -522.292
     785	 1.98368	 1.08888	        -10567.1	         10044.9	        -522.263
     786	 1.98388	 1.08875	        -10568.3	         10045.9	        -522.368
     787	  1.9858	 1.08315	          -10578	         10055.6	        -522.427
     788	 1.98918	 1.07287	        -10595.2	         10072.7	        -522.512
     789	 1.99364	 1.05916	          -10618	         10095.3	        -522.752
     790	 1.99838	 1.04453	        -10642.4	         10119.3	         -523.13
     791	  2.0023	  1.0325	        -10662.6	         10139.1	        -523.426
     792	 2.00452	 1.02586	        -10673.8	         10150.3	        -523.461
     793	  2.0048	 1.02532	        -10675.2	         10151.8	        -523.358
     794	 2.00336	 1.03033	        -10667.8	         10144.5	        -523.306
     795	 2.00037	  1.0403	        -10652.6	         10129.4	        -523.246
     796	 1.99613	 1.05435	        -10630.9	         10107.9	        -523.048
     797	 1.99129	 1.07042	        -10606.1	         10083.4	        -522.774
     798	 1.98669	 1.08582	        -10582.7	         10060.1	         -522.63
     799	 1.98283	 1.09886	        -10563.3	         10040.6	        -522.722
     800	 1.97967	 1.10962	        -10547.4	         10024.6	        -522.838
     801	 1.97708	 1.11839	        -10534.2	         10011.5	        -522.736
     802	 1.97536	 1.12413	        -10525.4	         10002.8	        -522.587
     803	 1.97491	 1.12558	        -10523.1	         10000.4	        -522.619
     804	 1.97566	 1.12293	          -10527	         10004.3	        -522.764
     805	  1.9772	 1.11737	          -10535	         10012.1	        -522.976
     806	 1.97895	 1.11064	        -10544.1	         10020.9	        -523.138
     807	 1.98055	 1.10394	        -10552.1	           10029	        -523.065
     808	 1.98218	 1.09679	        -10560.1	         10037.3	        -522.864
     809	 1.98431	 1.08786	        -10570.9	         10048.1	        -522.799
     810	 1.98713	 1.07676	        -10585.1	         10062.3	        -522.835
     811	  1.9905	 1.06398	        -10602.2	         10079.4	         -522.84
     812	 1.99428	 1.05001	        -10621.4	         10098.5	        -522.888
     813	 1.99816	 1.03575	        -10641.2	         10118.2	        -523.016
     814	 2.00169	 1.02266	        -10659.1	           10136	        -523.062
     815	 2.00457	 1.01163	        -10673.6	         10150.6	         -522.97
     816	 2.00688	 1.00248	        -10685.2	         10162.3	        -522.859
     817	 2.00876	0.994784	        -10694.7	         10171.8	        -522.848
     818	 2.01019	  0.9887	          -10702	         10179.1	        -522.957
     819	 2.01088	0.985082	        -10705.6	         10182.6	        -523.045
     820	 2.01077	0.984354	        -10704.9	           10182	        -522.868
     821	 2.01042	0.984914	        -10702.7	         10180.2	        -522.479
     822	 2.01082	0.983839	        -10704.6	         10182.3	        -522.331
     823	 2.01232	0.980203	        -10712.4	         10189.8	        -522.608
     824	 2.01407	 0.97652	        -10721.8	         10198.7	        -523.106
     825	 2.01461	0.977136	          -10725	         10201.5	        -523.552
     826	 2.01264	0.985817	        -10715.2	         10191.5	        -523.716
     827	 2.00775	 1.00371	        -10690.2	         10166.7	        -523.504
     828	 2.00065	 1.02857	        -10653.9	         10130.8	        -523.048
     829	 1.99281	 1.05588	        -10613.8	         10091.1	        -522.709
     830	 1.98546	 1.08173	        -10576.5	         10053.9	        -522.631
     831	 1.97934	  1.1039	        -10545.4	         10022.9	        -522.487
     832	 1.97515	 1.12011	          -10524	         10001.7	        -522.317
     833	 1.97347	 1.12843	        -10515.5	         9993.17	        -522.344
     834	 1.97437	 1.12867	        -10520.1	         9997.72	         -522.37
     835	 1.97756	 1.12153	        -10536.5	         10013.9	        -522.637
     836	 1.98207	 1.10992	        -10559.9	         10036.7	        -523.157
     837	 1.98628	 1.09869	        -10581.6	           10058	        -523.531
     838	  1.9889	  1.0917	        -10594.9	         10071.3	        -523.645
     839	 1.98939	 1.09049	        -10597.3	         10073.8	         -523.55
     840	 1.98797	 1.09452	        -10589.9	         10066.6	        -523.292
     841	 1.98539	 1.10156	        -10576.5	         10053.5	        -522.921
     842	 1.98281	 1.10828	          -10563	         10040.5	        -522.529
     843	 1.98143	 1.11114	        -10555.7	         10033.5	         -522.26
     844	 1.98205	 1.10777	        -10558.8	         10036.6	        -522.213
     845	 1.98481	  1.0978	          -10573	         10050.6	        -522.409
     846	 1.98908	 1.08312	          -10595	         10072.2	        -522.759
     847	 1.99378	 1.06701	          -10619	           10096	        -523.046
     848	 1.99798	 1.05232	        -10640.3	         10117.2	        -523.094
     849	 2.00135	 1.04012	        -10657.3	         10134.3	        -522.977
     850	 2.00404	 1.03007	        -10670.8	         10147.9	        -522.879
     851	  2.0062	 1.02181	        -10681.7	         10158.9	        -522.864
     852	 2.00782	 1.01551	        -10689.9	         10167.1	        -522.862
     853	 2.00885	 1.01137	        -10695.1	         10172.3	        -522.782
     854	 2.00943	 1.00899	        -10697.9	         10175.2	         -522.67
     855	  2.0098	 1.00763	        -10699.7	         10177.1	         -522.61
     856	 2.01013	 1.00681	        -10701.4	         10178.8	        -522.644
     857	  2.0103	 1.00678	        -10702.4	         10179.6	        -522.785
     858	 2.00995	 1.00854	        -10700.8	         10177.9	        -522.926
     859	 2.00877	   1.013	        -10694.8	         10171.9	        -522.939
     860	 2.00677	 1.02007	        -10684.6	         10161.8	        -522.818
     861	 2.00434	 1.02854	        -10672.1	         10149.4	        -522.636
     862	 2.00206	 1.03672	        -10660.3	         10137.9	        -522.457
     863	 2.00046	 1.04304	        -10652.2	         10129.8	        -522.365
     864	 1.99981	 1.04678	        -10648.9	         10126.5	        -522.431
     865	  1.9999	 1.04858	        -10649.6	           10127	        -522.634
     866	 2.00015	 1.05026	        -10651.1	         10128.2	        -522.876
     867	 1.99987	 1.05392	        -10649.9	         10126.8	        -523.071
     868	 1.99853	 1.06112	        -10643.2	           10120	        -523.171
     869	 1.99597	 1.07233	        -10630.2	         10107.1	        -523.113
     870	 1.99255	 1.08643	        -10612.7	         10089.8	        -522.906
     871	 1.98904	 1.10102	        -10594.7	           10072	        -522.739
     872	 1.98616	 1.11379	        -10580.1	         10057.4	        -522.648
     873	 1.98453	 1.12299	        -10571.6	         10049.2	        -522.458
     874	  1.9847	 1.12674	        -10572.6	           10050	        -522.516
     875	 1.98649	 1.12548	          -10582	         10059.1	         -522.92
     876	 1.98883	 1.12244	        -10594.1	         10070.9	        -523.187
     877	 1.99077	  1.1203	        -10604.1	         10080.8	        -523.345
     878	 1.99173	 1.12075	        -10609.1	         10085.6	        -523.471
     879	 1.99136	 1.12483	        -10607.2	         10083.8	        -523.427
     880	 1.98988	 1.13198	        -10599.4	         10076.3	        -523.167
     881	 1.98805	 1.13991	        -10589.9	           10067	        -522.898
     882	  1.9867	 1.14619	        -10582.9	         10060.2	        -522.754
     883	 1.98632	 1.14937	          -10581	         10058.3	        -522.695
     884	 1.98706	 1.14901	        -10584.7	           10062	        -522.738
     885	 1.98867	 1.14575	        -10593.1	         10070.1	        -522.974
     886	 1.99039	 1.14178	        -10602.1	         10078.8	        -523.287
     887	 1.99134	 1.13978	          -10607	         10083.6	        -523.364
     888	 1.99124	 1.14057	        -10606.3	         10083.2	        -523.185
     889	 1.99046	 1.14301	        -10602.3	         10079.2	        -523.086
     890	 1.98924	 1.14628	        -10596.2	           10073	         -523.16
     891	 1.98758	 1.15057	        -10587.7	         10064.6	        -523.102
     892	 1.98569	 1.15516	        -10577.9	           10055	        -522.876
     893	 1.98416	 1.15822	          -10570	         10047.3	        -522.729
     894	 1.98343	 1.15848	        -10566.2	         10043.6	        -522.626
     895	 1.98377	 1.15517	        -10567.8	         10045.3	        -522.534
     896	 1.98535	 1.14782	        -10575.9	         10053.3	         -522.54
     897	 1.98807	  1.1368	        -10589.7	         10067.1	         -522.66
     898	 1.99153	 1.12344	        -10607.4	         10084.6	        -522.823
     899	 1.99516	 1.10953	          -10626	           10103	        -522.991
     900	 1.99836	 1.09692	        -10642.3	         10119.2	        -523.151
     901	  2.0006	 1.08731	        -10653.8	         10130.5	         -523.25
     902	 2.00154	 1.08175	        -10658.5	         10135.3	         -523.25
     903	 2.00119	 1.08022	        -10656.6	         10133.5	        -523.125
     904	 1.99996	 1.08153	        -10650.2	         10127.3	        -522.874
     905	 1.99864	 1.08337	        -10643.2	         10120.6	        -522.603
     906	 1.99802	 1.08331	        -10639.9	         10117.5	        -522.463
     907	 1.99856	 1.08004	        -10642.7	         10120.2	        -522.515
     908	 2.00013	 1.07392	        -10650.9	         10128.2	        -522.712
     909	 2.00219	 1.06659	        -10661.5	         10138.6	        -522.928
     910	 2.00412	 1.05994	        -10671.4	         10148.3	        -523.064
     911	 2.00549	 1.05527	        -10678.4	         10155.3	        -523.136
     912	 2.00606	 1.05335	        -10681.4	         10158.2	        -523.256
     913	 2.00548	 1.05512	        -10678.7	         10155.2	        -523.481
     914	 2.00326	 1.06203	        -10667.6	           10144	        -523.612
     915	  1.9993	 1.07441	        -10647.3	           10124	        -523.353
     916	  1.9945	 1.08949	        -10622.5	         10099.6	         -522.85
     917	 1.99023	 1.10285	        -10600.7	           10078	        -522.705
     918	 1.98704	 1.11273	        -10584.8	         10061.9	        -522.891
     919	 1.98461	 1.12006	        -10572.5	         10049.6	        -522.882
     920	 1.98293	 1.12477	        -10563.6	           10041	        -522.582
     921	 1.98263	 1.12484	        -10561.8	         10039.5	        -522.256
     922	  1.9844	 1.11828	        -10570.7	         10048.5	        -522.213
     923	 1.98817	 1.10538	        -10590.1	         10067.6	        -522.479
     924	 1.99306	 1.08892	        -10615.2	         10092.4	        -522.821
     925	 1.99793	  1.0724	          -10640	           10117	        -523.042
     926	 2.00194	 1.05835	        -10660.4	         10137.3	        -523.081
     927	 2.00481	 1.04776	        -10674.8	         10151.8	        -522.992
     928	 2.00664	 1.04042	          -10684	         10161.1	        -522.894
     929	  2.0076	 1.03584	        -10688.8	           10166	        -522.877
     930	 2.00772	 1.03398	        -10689.6	         10166.6	        -522.964
     931	 2.00682	 1.03535	          -10685	           10162	        -523.043
     932	 2.00479	 1.04021	        -10674.7	         10151.8	        -522.933
     933	 2.00208	 1.04721	        -10660.7	           10138	        -522.632
     934	 1.99962	 1.05349	        -10647.9	         10125.5	        -522.329
     935	 1.99833	 1.05625	        -10641.3	         10119.1	         -522.22
     936	 1.99862	 1.05436	        -10642.9	         10120.5	        -522.356
     937	 2.00016	 1.04883	        -10650.9	         10128.3	        -522.627
     938	 2.00217	 1.04201	        -10661.4	         10138.5	        -522.938
     939	 2.00371	 1.03671	        -10669.6	         10146.3	        -523.258
     940	 2.00388	 1.03563	        -10670.6	         10147.2	        -523.468
     941	 2.00215	 1.04035	        -10661.8	         10138.4	        -523.462
     942	  1.9986	 1.05056	        -10643.7	         10120.4	        -523.311
     943	 1.99382	 1.06445	        -10619.2	         10096.2	        -523.023
     944	  1.9888	 1.07902	        -10593.4	         10070.8	        -522.636
     945	 1.98472	 1.09067	        -10572.5	         10050.2	        -522.394
     946	 1.98233	 1.09709	        -10560.4	           10038	        -522.397
     947	  1.9817	 1.09802	        -10557.3	         10034.8	        -522.476
     948	 1.98268	   1.094	        -10562.3	         10039.8	        -522.447
     949	 1.98526	 1.08511	        -10575.2	         10052.9	        -522.379
     950	 1.98938	 1.07152	        -10596.3	         10073.7	        -522.584
     951	 1.99426	  1.0556	        -10621.5	         10098.4	        -523.011
     952	 1.99861	 1.04138	        -10643.7	         10120.5	        -523.271
     953	 2.00153	 1.03163	        -10658.4	         10135.2	        -523.204
     954	   2.003	 1.02638	        -10665.7	         10142.7	        -522.979
     955	 2.00352	 1.02421	        -10668.2	         10145.3	        -522.908
     956	 2.00329	 1.02451	        -10667.1	         10144.1	        -523.015
     957	  2.0022	 1.02767	        -10661.6	         10138.6	        -522.972
     958	 2.00051	 1.03297	        -10652.7	         10130.1	        -522.672
     959	 1.99905	 1.03784	        -10645.1	         10122.7	        -522.412
     960	 1.99852	 1.04007	        -10642.5	           10120	        -522.481
     961	 1.99883	 1.03995	        -10644.4	         10121.6	        -522.812
     962	 1.99918	 1.03978	        -10646.4	         10123.3	        -523.114
     963	 1.99885	 1.04166	        -10644.8	         10121.6	        -523.161
     964	 1.99777	 1.04574	        -10639.2	         10116.2	        -523.013
     965	 1.99635	 1.05071	          -10632	           10109	        -522.947
     966	 1.99487	 1.05575	        -10624.5	         10101.5	        -522.953
     967	 1.99347	 1.06053	        -10617.3	         10094.5	        -522.823
     968	 1.99254	 1.06387	        -10612.3	         10089.7	        -522.595
     969	 1.99266	 1.06404	        -10612.8	         10090.3	        -522.483
     970	 1.99408	  1.0603	        -10620.1	         10097.5	        -522.592
     971	 1.99645	 1.05374	        -10632.3	         10109.5	        -522.794
     972	 1.99913	 1.04638	          -10646	         10123.1	        -522.981
     973	 2.00142	 1.04022	        -10657.8	         10134.7	        -523.101
     974	 2.00293	 1.03657	        -10665.3	         10142.3	        -522.994
     975	 2.00389	 1.03485	        -10669.9	         10147.2	        -522.688
     976	 2.00494	 1.03309	        -10675.1	         10152.5	         -522.58
     977	 2.00626	 1.03074	          -10682	         10159.2	        -522.807
     978	 2.00724	 1.02972	        -10687.2	         10164.2	        -523.009
     979	 2.00725	 1.03189	        -10687.2	         10164.2	        -523.012
     980	 2.00613	 1.03759	        -10681.4	         10158.5	        -522.939
     981	 2.00401	  1.0463	        -10670.7	         10147.8	        -522.892
     982	 2.00107	  1.0574	        -10655.8	         10132.9	        -522.833
     983	  1.9976	 1.06999	          -10638	         10115.3	        -522.724
     984	   1.994	 1.08267	        -10619.7	         10097.1	        -522.594
     985	 1.99078	 1.09386	        -10603.3	         10080.8	        -522.507
     986	 1.98832	  1.1023	        -10590.9	         10068.4	        -522.529
     987	 1.98672	 1.10765	        -10582.9	         10060.3	        -522.614
     988	 1.98589	 1.11014	        -10578.8	         10056.1	        -522.696
     989	 1.98572	 1.11012	          -10578	         10055.2	        -522.785
     990	 1.98605	 1.10804	        -10579.7	         10056.9	        -522.835
     991	 1.98688	 1.10409	        -10583.8	         10061.1	        -522.776
     992	 1.98838	 1.09782	        -10591.3	         10068.6	        -522.688
     993	 1.99072	 1.08881	        -10603.2	         10080.5	        -522.736
     994	 1.99366	 1.07788	        -10618.4	         10095.4	        -522.971
     995	 1.99642	 1.06742	        -10632.6	         10109.4	        -523.247
     996	  1.9981	 1.06011	        -10641.2	         10117.9	        -523.341
     997	 1.99831	 1.05714	        -10642.2	         10118.9	        -523.232
     998	 1.99727	 1.05776	        -10636.7	         10113.7	        -522.982
     999	 1.99577	 1.05973	        -10628.7	         10106.1	        -522.614
