    Step 	 <r-r'>^2 	 <v-v'>^2 

0	0	0
1	2.756e-14	1.51361e-10
2	1.08068e-13	8.25422e-10
3	2.50788e-13	3.05171e-09
4	5.33132e-13	9.36719e-09
5	1.25798e-12	2.58842e-08
6	3.36781e-12	6.7229e-08
7	9.47654e-12	1.67703e-07
8	2.61732e-11	4.02276e-07
9	6.78858e-11	9.05257e-07
10	1.58055e-10	1.80088e-06
11	3.09845e-10	2.88909e-06
12	4.75264e-10	3.51021e-06
13	5.62019e-10	3.27722e-06
14	5.96653e-10	3.4813e-06
15	7.08127e-10	2.9512e-06
16	9.59418e-10	2.26886e-06
17	1.37137e-09	1.95665e-06
18	1.92783e-09	1.70916e-06
19	2.53204e-09	1.4615e-06
20	3.10127e-09	1.26577e-06
21	3.60127e-09	1.13728e-06
22	4.04755e-09	1.05119e-06
23	4.4798e-09	1.02853e-06
24	4.92906e-09	1.10899e-06
25	5.41866e-09	1.29139e-06
26	5.95014e-09	1.49566e-06
27	6.50783e-09	1.61457e-06
28	7.11801e-09	1.62478e-06
29	7.6455e-09	1.55836e-06
30	8.12609e-09	2.06023e-06
31	8.59891e-09	2.33796e-06
32	9.08519e-09	2.55374e-06
33	9.58775e-09	2.75483e-06
34	1.00927e-08	2.86033e-06
35	1.07545e-08	2.83399e-06
36	1.13147e-08	2.92567e-06
37	1.18782e-08	3.11153e-06
38	1.26077e-08	3.37794e-06
39	1.32348e-08	4.03541e-06
40	1.39255e-08	5.83647e-06
41	1.47039e-08	8.2066e-06
42	1.54433e-08	8.13537e-06
43	1.59442e-08	4.32167e-06
44	0.0587615	5.4412e-06
45	1.77384e-08	5.8492e-06
46	1.92012e-08	5.80917e-06
47	2.05068e-08	5.26203e-06
48	2.12596e-08	5.5018e-06
49	2.24154e-08	5.98911e-06
50	2.37944e-08	6.62567e-06
51	2.53207e-08	7.08497e-06
52	2.69237e-08	7.14343e-06
53	2.83818e-08	7.16423e-06
54	2.99433e-08	9.24043e-06
55	3.16444e-08	1.05523e-05
56	3.3244e-08	1.07942e-05
57	3.48849e-08	1.06143e-05
58	3.66608e-08	9.64509e-06
59	3.87221e-08	9.17201e-06
60	4.09865e-08	8.04206e-06
61	4.36694e-08	7.44184e-06
62	4.63912e-08	7.87157e-06
63	4.92312e-08	8.69673e-06
64	5.24994e-08	9.4018e-06
65	5.58376e-08	9.92834e-06
66	5.92687e-08	1.0197e-05
67	6.25175e-08	1.18062e-05
68	6.57506e-08	1.21882e-05
69	6.89253e-08	1.21156e-05
70	7.22626e-08	1.25467e-05
71	7.55133e-08	1.32493e-05
72	0.0398663	1.33722e-05
73	8.27128e-08	1.33013e-05
74	8.64474e-08	1.33136e-05
75	9.05673e-08	1.4098e-05
76	9.45545e-08	1.489e-05
77	9.86443e-08	1.43494e-05
78	1.02839e-07	1.54785e-05
79	1.07277e-07	1.65065e-05
80	1.11719e-07	1.66684e-05
81	1.16444e-07	1.78361e-05
82	1.21248e-07	1.96219e-05
83	1.26362e-07	2.12459e-05
84	1.3201e-07	2.17649e-05
85	1.38071e-07	2.1436e-05
86	1.44774e-07	2.1084e-05
87	1.52823e-07	2.14424e-05
88	1.6057e-07	2.24385e-05
89	1.68917e-07	2.37428e-05
90	1.78004e-07	2.30365e-05
91	1.87903e-07	2.28965e-05
92	1.98731e-07	2.32788e-05
93	2.08645e-07	2.45657e-05
94	2.20608e-07	2.68801e-05
95	2.32931e-07	3.04469e-05
96	2.45571e-07	3.23128e-05
97	0.0276586	2.65083e-05
98	0.0246493	2.83705e-05
99	0.0223588	3.16062e-05
100	2.99593e-07	3.22948e-05
101	3.14411e-07	3.36647e-05
102	3.29475e-07	3.39566e-05
103	0.0294324	3.34372e-05
104	3.5985e-07	3.79442e-05
105	3.76153e-07	4.09254e-05
106	3.92639e-07	4.08205e-05
107	4.09741e-07	3.88739e-05
108	4.2686e-07	3.74526e-05
109	4.44575e-07	3.9302e-05
110	4.62972e-07	3.93043e-05
111	4.82792e-07	4.10268e-05
112	5.02761e-07	4.36392e-05
113	5.24939e-07	4.38864e-05
114	5.48027e-07	4.62805e-05
115	5.72978e-07	5.04388e-05
116	5.9887e-07	5.49392e-05
117	6.26444e-07	6.01223e-05
118	0.0191569	6.81946e-05
119	6.76414e-07	8.67153e-05
120	7.00403e-07	0.000112673
121	7.25066e-07	0.000129995
122	7.53923e-07	0.00014831
123	7.95814e-07	0.00012013
124	8.41309e-07	0.000122661
125	8.91122e-07	9.70224e-05
126	9.42957e-07	8.56689e-05
127	9.93931e-07	8.45898e-05
128	1.04555e-06	8.74197e-05
129	1.09625e-06	9.07452e-05
130	1.14837e-06	9.55958e-05
131	1.19978e-06	0.000107371
132	1.25583e-06	0.000115252
133	1.3167e-06	0.000124997
134	0.0695792	0.000130144
135	1.45308e-06	0.000125605
136	1.53084e-06	0.000124348
137	1.60883e-06	0.000127312
138	1.68992e-06	0.000134747
139	1.77267e-06	0.000145114
140	1.86253e-06	0.000155176
141	1.95401e-06	0.000162768
142	2.05078e-06	0.00017339
143	2.15624e-06	0.0001878
144	0.0852018	0.000200347
145	2.37753e-06	0.000211274
146	2.50097e-06	0.000218097
147	2.62722e-06	0.000228004
148	2.76207e-06	0.000239457
149	2.88734e-06	0.000240419
150	0.049441	0.000238465
151	3.18679e-06	0.00023937
152	0.0331905	0.000247487
153	3.53359e-06	0.000265575
154	3.7204e-06	0.000280268
155	3.90956e-06	0.000285957
156	4.1061e-06	0.000294275
157	4.30914e-06	0.000319295
158	4.52118e-06	0.000349125
159	4.74198e-06	0.000392578
160	0.0827744	0.000381737
161	5.22023e-06	0.00039411
162	0.0202446	0.000439448
163	5.7397e-06	0.000459498
164	6.01076e-06	0.0005009
165	0.0323415	0.000550416
166	0.0434478	0.000568565
167	6.76968e-06	0.0005614
168	0.0732168	0.000550828
169	0.0973493	0.000561788
170	0.0181043	0.000582696
171	8.23029e-06	0.000597777
172	8.66247e-06	0.000599771
173	9.11698e-06	0.000615269
174	9.59974e-06	0.000647548
175	0.10147	0.000702609
176	1.06121e-05	0.000773914
177	0.102462	0.000838188
178	1.17936e-05	0.000908452
179	0.020258	0.000992255
180	1.32081e-05	0.00107944
181	1.40012e-05	0.00117236
182	0.0229383	0.00122377
183	0.05094	0.00123654
184	1.67248e-05	0.00123275
185	1.77293e-05	0.00123134
186	1.87506e-05	0.00124511
187	1.98062e-05	0.00127598
188	2.08921e-05	0.00128777
189	2.19848e-05	0.00131375
190	2.31214e-05	0.00135624
191	2.42969e-05	0.00140479
192	2.55827e-05	0.00146175
193	2.68033e-05	0.00154264
194	2.80526e-05	0.00164729
195	2.9336e-05	0.00175655
196	3.06832e-05	0.00187561
197	3.20653e-05	0.00202186
198	3.35053e-05	0.00217867
199	0.0399967	0.00224047
200	0.0780786	0.0023207
201	0.263556	0.00242625
202	0.0806979	0.00250554
203	0.0806739	0.00259721
204	0.0806503	0.0027121
205	0.0550893	0.00285348
206	0.022283	0.00295654
207	0.0191695	0.00300654
208	0.0530402	0.00309433
209	5.54857e-05	0.00318371
210	5.82582e-05	0.00342349
211	6.12771e-05	0.00392457
212	0.0648226	0.00440774
213	0.0248924	0.00474522
214	0.0279303	0.00498384
215	7.54083e-05	0.00501211
216	0.0385824	0.00504325
217	0.103255	0.00518319
218	0.147329	0.00533475
219	0.0467191	0.00556292
220	9.89148e-05	0.00584547
221	0.0719699	0.00622639
222	0.116487	0.00644713
223	0.0345391	0.00657501
224	0.0346176	0.0070064
225	0.0346982	0.00734559
226	0.130438	0.00734608
227	0.194171	0.00738066
228	0.157046	0.00764875
229	0.0865802	0.0079849
230	0.030566	0.00838061
231	0.0619431	0.00888457
232	0.0001891	0.00950227
233	0.0762318	0.010337
234	0.0858886	0.0112181
235	0.193889	0.0119046
236	0.079924	0.0126601
237	0.080004	0.013297
238	0.0288962	0.0143255
239	0.0174228	0.0153604
240	0.000272354	0.015664
241	0.000284968	0.0156701
242	0.000298221	0.015673
243	0.0792803	0.0156586
244	0.000326929	0.0156609
245	0.000341979	0.0161806
246	0.039315	0.0177685
247	0.0737227	0.0198505
248	0.0860842	0.0221218
249	0.0473581	0.0240676
250	0.0986759	0.0251507
251	0.098556	0.0264899
252	0.0178448	0.0284473
253	0.0179433	0.0294217
254	0.0180439	0.029754
255	0.0724107	0.0300541
256	0.149644	0.0305605
257	0.162225	0.0307061
258	0.176978	0.0309754
259	0.144655	0.0317604
260	0.0670117	0.0333749
261	0.0672181	0.0352336
262	0.0888832	0.0372064
263	0.149411	0.0399223
264	0.193745	0.042585
265	0.194048	0.0450832
266	0.147427	0.049975
267	0.0983354	0.0536075
268	0.126039	0.0546232
269	0.0983713	0.0561505
270	0.2164	0.0595091
271	0.345582	0.0640224
272	0.226409	0.0685811
273	0.218459	0.0720834
274	0.218318	0.0737973
275	0.143057	0.0760556
276	0.127978	0.0790341
277	0.188175	0.081588
278	0.19796	0.0831011
279	0.173672	0.0869678
280	0.173623	0.091719
281	0.521541	0.095201
282	0.472564	0.100588
283	0.493875	0.1085
284	0.378502	0.113693
285	0.38228	0.118436
286	0.411993	0.123957
287	0.217417	0.130204
288	0.260341	0.135951
289	0.167017	0.141509
290	0.254972	0.145309
291	0.316258	0.14808
292	0.279554	0.150531
293	0.169888	0.156116
294	0.208581	0.163373
295	0.161896	0.170295
296	0.229215	0.17934
297	0.440797	0.189261
298	0.457063	0.202161
299	0.420598	0.215233
300	0.53605	0.224975
301	0.571387	0.227652
302	0.631801	0.229551
303	0.554597	0.232864
304	0.645667	0.23766
305	0.520753	0.243462
306	0.621863	0.249157
307	0.621654	0.253316
308	0.509021	0.256195
309	0.638742	0.262116
310	0.781128	0.271926
311	0.759546	0.279356
312	0.854694	0.287099
313	0.941607	0.299066
314	0.895171	0.314705
315	1.02278	0.330214
316	1.05069	0.347234
317	1.05039	0.36626
318	0.967546	0.388754
319	0.967484	0.412357
320	1.116	0.436315
321	1.19026	0.457566
322	1.15905	0.468933
323	1.28164	0.474445
324	1.23854	0.481827
325	1.2807	0.494358
326	1.21912	0.50782
327	1.16903	0.521989
328	1.1998	0.537466
329	1.17682	0.552187
330	1.10929	0.565488
331	1.17052	0.579853
332	1.23093	0.597932
333	1.22948	0.61548
334	1.23519	0.629842
335	1.38569	0.641746
336	1.3625	0.651578
337	1.10194	0.661674
338	1.13165	0.675313
339	1.1933	0.691123
340	1.21697	0.706323
341	1.25739	0.718935
342	1.38437	0.732213
343	1.20402	0.75275
344	1.15134	0.78164
345	1.27073	0.811165
346	1.34003	0.841067
347	1.37719	0.869343
348	1.40732	0.891763
349	1.40693	0.911745
350	1.38867	0.929303
351	1.4793	0.945518
352	1.48155	0.965197
353	1.46226	0.985665
354	1.46587	1.0034
355	1.43593	1.01809
356	1.40218	1.02543
357	1.42287	1.03029
358	1.42272	1.0378
359	1.42266	1.04446
360	1.48751	1.05334
361	1.48939	1.06313
362	1.62411	1.07712
363	1.69468	1.09217
364	1.79549	1.1074
365	1.7745	1.13053
366	1.85016	1.1555
367	1.87335	1.18358
368	1.66624	1.21279
369	1.64752	1.24266
370	1.71461	1.2696
371	1.84722	1.29343
372	2.08429	1.30633
373	2.15299	1.31278
374	2.2406	1.31606
375	2.21498	1.32314
376	2.24064	1.33306
377	2.2024	1.34855
378	2.17286	1.36858
379	2.21139	1.38528
380	2.16718	1.39453
381	2.29557	1.39955
382	2.42259	1.40358
383	2.46773	1.41317
384	2.39156	1.42767
385	2.48769	1.44277
386	2.52058	1.45468
387	2.48407	1.46203
388	2.52592	1.47319
389	2.64696	1.48668
390	2.6807	1.50044
391	2.67377	1.51426
392	2.75476	1.52337
393	2.75772	1.53162
394	2.86429	1.53739
395	2.78948	1.53591
396	2.84011	1.53286
397	2.85959	1.53155
398	2.86243	1.53605
399	2.92377	1.54805
400	2.88845	1.55756
401	2.89076	1.55983
402	2.91881	1.56363
403	2.92119	1.567
404	2.81155	1.56907
405	2.8139	1.57159
406	2.89418	1.57856
407	2.89153	1.58527
408	2.86213	1.58953
409	2.93163	1.59301
410	2.90509	1.59457
411	3.07203	1.59756
412	3.28061	1.604
413	3.42786	1.60925
414	3.59103	1.61964
415	3.68917	1.63642
416	3.73431	1.65877
417	3.74085	1.685
418	3.95845	1.71057
419	4.04894	1.72197
420	4.10072	1.72229
421	4.14573	1.7219
422	4.19206	1.72551
423	4.27292	1.73459
424	4.46604	1.74196
425	4.50039	1.73898
426	4.50375	1.73551
427	4.49082	1.73428
428	4.51282	1.73245
429	4.54956	1.72992
430	4.55037	1.72709
431	4.55566	1.72181
432	4.60898	1.71533
433	4.82092	1.71188
434	4.84411	1.70907
435	4.82869	1.70641
436	4.87319	1.70265
437	4.99974	1.70079
438	5.07303	1.70128
439	5.21489	1.70298
440	5.2847	1.70449
441	5.22269	1.707
442	5.21083	1.70904
443	5.08976	1.704
444	4.96911	1.69753
445	5.10099	1.69089
446	5.10354	1.67573
447	5.35781	1.6619
448	5.27324	1.65621
449	5.15062	1.65641
450	5.09234	1.65999
451	5.09537	1.66496
452	5.29964	1.67274
453	5.32596	1.68315
454	5.06526	1.69651
455	5.02939	1.70538
456	5.21642	1.70426
457	5.27243	1.70015
458	5.2622	1.70018
459	5.15525	1.70267
460	5.15766	1.7005
461	5.25908	1.69072
462	5.26122	1.6814
463	5.3072	1.6825
464	5.33027	1.68647
465	5.10139	1.69354
466	5.12099	1.70914
467	5.06914	1.71922
468	5.16738	1.7217
469	5.19237	1.71439
470	5.1926	1.7006
471	5.2031	1.68652
472	5.2117	1.67272
473	5.22189	1.65743
474	5.42464	1.64441
475	5.49636	1.63625
476	5.47537	1.63159
477	5.37046	1.62711
478	5.66649	1.62389
479	5.64245	1.62085
480	5.73584	1.61653
481	5.70887	1.6099
482	5.64021	1.60933
483	5.64305	1.61582
484	5.70613	1.62813
485	5.7736	1.63651
486	6.03298	1.63862
487	6.08313	1.64355
488	6.19053	1.65719
489	6.25453	1.67384
490	6.22119	1.69244
491	6.12625	1.71111
492	6.1617	1.72876
493	6.19637	1.74074
494	6.34328	1.74545
495	6.28503	1.74323
496	6.2343	1.7359
497	6.17381	1.72438
498	6.1846	1.70646
499	6.1854	1.6863
500	6.30874	1.67135
501	6.21807	1.662
502	6.21921	1.65605
503	6.34511	1.65106
504	6.40781	1.64316
505	6.46104	1.6344
506	6.3904	1.62768
507	6.76176	1.62174
508	6.85832	1.61028
509	7.04163	1.59459
510	7.13177	1.58027
511	7.10077	1.56857
512	7.10275	1.56416
513	7.15154	1.57281
514	7.20166	1.58312
515	7.31289	1.59354
516	7.10189	1.61099
517	7.10424	1.63554
518	7.08684	1.65832
519	7.07351	1.67517
520	6.78186	1.68721
521	6.85106	1.69068
522	6.80783	1.68729
523	6.80914	1.68978
524	6.71384	1.70102
525	6.76681	1.71227
526	6.78574	1.72074
527	6.99708	1.72755
528	7.0212	1.73335
529	7.11159	1.73514
530	7.00183	1.72727
531	7.00179	1.71034
532	7.00184	1.69248
533	6.9911	1.67767
534	7.0685	1.66676
535	7.11155	1.65847
536	7.27558	1.65234
537	7.30398	1.64712
538	7.38395	1.64193
539	7.30086	1.6439
540	7.44711	1.65197
541	7.44732	1.66221
542	7.52148	1.6775
543	7.44228	1.69695
544	7.32565	1.71453
545	7.35833	1.72732
546	7.35555	1.73299
547	7.38369	1.72951
548	7.39693	1.7215
549	7.43888	1.71026
550	7.4695	1.70153
551	7.61976	1.70124
552	7.51244	1.70651
553	7.43362	1.71349
554	7.64742	1.71687
555	7.7898	1.71689
556	7.88144	1.71661
557	7.83645	1.71636
558	7.92499	1.71385
559	7.99656	1.71505
560	8.15412	1.7205
561	8.21653	1.72637
562	8.23546	1.71823
563	8.30551	1.7022
564	8.26741	1.68958
565	8.35509	1.67704
566	8.35542	1.66278
567	8.4119	1.64587
568	8.3856	1.62819
569	8.51902	1.60896
570	8.56031	1.58642
571	8.63085	1.5696
572	8.90655	1.56255
573	8.89876	1.55949
574	8.72095	1.5538
575	8.69923	1.54311
576	8.71216	1.5346
577	8.71381	1.53216
578	8.81469	1.53752
579	9.07039	1.54993
580	9.07217	1.5605
581	9.09731	1.56437
582	9.13093	1.56223
583	9.16446	1.55148
584	9.11957	1.53462
585	9.14341	1.52315
586	9.15473	1.52319
587	9.23649	1.52478
588	9.42932	1.52667
589	9.47139	1.5286
590	9.42505	1.52912
591	9.44262	1.52784
592	9.48565	1.52767
593	9.62527	1.52941
594	9.68909	1.53166
595	9.57827	1.5348
596	9.54799	1.534
597	9.46533	1.53757
598	9.46894	1.54728
599	9.39293	1.55557
600	9.44055	1.56385
601	9.42956	1.57607
602	9.47027	1.59869
603	9.64232	1.6267
604	9.68583	1.65205
605	9.75726	1.67063
606	9.68048	1.67662
607	9.72853	1.66562
608	9.79783	1.64736
609	9.73811	1.63016
610	9.7781	1.61081
611	9.74501	1.59241
612	9.82682	1.58298
613	9.78349	1.58407
614	9.78631	1.58373
615	9.74137	1.59353
616	9.88105	1.60969
617	9.81593	1.62753
618	9.89798	1.64308
619	9.89201	1.65567
620	9.93565	1.66755
621	10.1494	1.67912
622	10.1013	1.68699
623	10.0625	1.68698
624	10.0933	1.68206
625	10.0901	1.68032
626	9.89837	1.68731
627	9.81299	1.70104
628	9.92178	1.71755
629	10.1261	1.72929
630	10.1453	1.73133
631	10.2946	1.72764
632	10.3517	1.72537
633	10.2688	1.72549
634	10.3928	1.7226
635	10.4072	1.72248
636	10.2751	1.72782
637	10.2775	1.73385
638	10.2427	1.7357
639	10.2627	1.73664
640	10.0694	1.74224
641	10.1172	1.75335
642	10.1778	1.76733
643	10.1539	1.77895
644	10.3341	1.77926
645	10.3525	1.77274
646	10.482	1.76552
647	10.4491	1.75786
648	10.4926	1.74683
649	10.5161	1.73618
650	10.6021	1.73067
651	10.5413	1.72731
652	10.5192	1.72524
653	10.471	1.72901
654	10.4948	1.74105
655	10.4133	1.7597
656	10.5305	1.78192
657	10.5847	1.79951
658	10.8135	1.80497
659	10.7929	1.80363
660	10.7331	1.80118
661	10.8592	1.80172
662	10.8658	1.80868
663	10.8991	1.82431
664	11.1191	1.84171
665	10.9977	1.85089
666	11.0401	1.85312
667	10.9642	1.84781
668	10.9257	1.82566
669	10.873	1.79609
670	10.8848	1.7641
671	10.8807	1.73727
672	10.9533	1.72079
673	11.0386	1.70739
674	11.022	1.69199
675	11.0226	1.67178
676	11.0771	1.64952
677	11.1195	1.62966
678	11.0257	1.61589
679	11.2134	1.60446
680	11.0892	1.5943
681	11.0548	1.59086
682	11.0007	1.59883
683	11.0402	1.61427
684	10.8983	1.62629
685	10.9683	1.63046
686	10.7693	1.63171
687	10.911	1.63172
688	10.8946	1.63571
689	10.9365	1.64342
690	10.9226	1.65488
691	10.9224	1.67095
692	11.083	1.68867
693	11.169	1.70136
694	11.1168	1.70531
695	11.1256	1.6988
696	11.1234	1.68783
697	11.118	1.6773
698	11.1985	1.66798
699	11.0943	1.65887
700	11.0934	1.64951
701	11.0466	1.63978
702	10.9173	1.62905
703	10.9309	1.6167
704	11.0549	1.60597
705	11.1915	1.59775
706	10.9536	1.59815
707	11.2176	1.60428
708	11.276	1.6133
709	11.2209	1.6265
710	11.3204	1.64172
711	11.3382	1.65738
712	11.3539	1.67294
713	11.3473	1.68292
714	11.1891	1.68058
715	11.1185	1.66933
716	11.195	1.65054
717	11.3291	1.6268
718	11.3304	1.6021
719	11.2164	1.57281
720	11.3602	1.55123
721	11.4467	1.53912
722	11.5351	1.53485
723	11.5676	1.53424
724	11.6432	1.53679
725	11.608	1.53929
726	11.603	1.53915
727	11.7249	1.53814
728	11.7869	1.53815
729	11.6978	1.54139
730	11.7824	1.54767
731	11.7426	1.55419
732	11.7195	1.55598
733	11.7671	1.54946
734	11.8232	1.54035
735	11.8562	1.53644
736	11.8555	1.53833
737	11.8548	1.54288
738	11.9732	1.55218
739	12.054	1.56553
740	11.9494	1.58232
741	11.9016	1.59757
742	11.9283	1.60744
743	11.8495	1.61069
744	11.8483	1.60871
745	11.9691	1.60608
746	11.9118	1.60024
747	12.0353	1.59625
748	12.0557	1.59994
749	12.0538	1.61029
750	12.0335	1.61924
751	12.0469	1.62459
752	11.9857	1.62401
753	11.9412	1.61629
754	11.9484	1.60696
755	11.9088	1.60134
756	11.9241	1.59685
757	11.9067	1.59293
758	11.9841	1.59569
759	11.951	1.60358
760	11.9494	1.61432
761	11.963	1.63354
762	11.9921	1.65687
763	11.9734	1.67508
764	11.9255	1.68537
765	11.8976	1.68468
766	11.954	1.67728
767	12.0301	1.66047
768	12.0479	1.6436
769	11.9824	1.63567
770	11.9775	1.63582
771	11.7444	1.64075
772	11.7685	1.64908
773	11.769	1.65688
774	11.8232	1.65998
775	11.8546	1.65541
776	11.8432	1.64633
777	11.8198	1.63528
778	11.8412	1.62557
779	11.8603	1.61894
780	11.8632	1.6113
781	11.8644	1.60029
782	11.9362	1.58801
783	11.9377	1.57678
784	11.9393	1.56817
785	12.0317	1.56377
786	12.1448	1.55903
787	12.1966	1.54941
788	12.1586	1.54123
789	12.0857	1.53822
790	11.9824	1.53783
791	11.9855	1.54529
792	11.9887	1.55945
793	12.0376	1.5732
794	12.0115	1.5842
795	12.187	1.59301
796	12.2301	1.59878
797	12.2308	1.60275
798	12.2237	1.60264
799	12.227	1.60226
800	12.2578	1.60705
801	12.2378	1.61298
802	12.0203	1.62096
803	12.0229	1.63304
804	12.0517	1.63825
805	12.0387	1.63978
806	12.1139	1.64189
807	12.1213	1.6424
808	11.9356	1.63881
809	11.9703	1.62858
810	11.9902	1.61596
811	12.0621	1.61088
812	12.2725	1.61673
813	12.3893	1.62852
814	12.3649	1.63636
815	12.4314	1.63999
816	12.4352	1.64415
817	12.5176	1.65069
818	12.7491	1.65821
819	12.7382	1.66793
820	12.507	1.67926
821	12.5235	1.6874
822	12.5128	1.69197
823	12.4798	1.70146
824	12.4666	1.71301
825	12.5723	1.72116
826	12.5737	1.72829
827	12.5751	1.73153
828	12.5522	1.72857
829	12.48	1.72341
830	12.4666	1.71751
831	12.3176	1.71421
832	12.3032	1.71138
833	12.329	1.70939
834	12.4845	1.70688
835	12.5817	1.70597
836	12.6006	1.70971
837	12.6032	1.71348
838	12.7647	1.71014
839	12.8359	1.70342
840	12.9386	1.69787
841	12.9138	1.69116
842	12.9684	1.68356
843	12.9082	1.6768
844	12.8642	1.67413
845	13.0089	1.67731
846	13.0966	1.68408
847	13.1584	1.68933
848	13.0204	1.68667
849	13.022	1.67589
850	12.9419	1.66463
851	12.9432	1.65836
852	12.8524	1.65134
853	13.0217	1.64888
854	13.1048	1.65458
855	13.0753	1.6665
856	13.0464	1.67549
857	12.9526	1.67763
858	13.1094	1.68012
859	13.1203	1.68739
860	13.0881	1.69412
861	13.0877	1.69991
862	13.0735	1.70525
863	13.145	1.70315
864	13.2335	1.69628
865	13.2451	1.68906
866	13.2626	1.67883
867	13.2801	1.66798
868	13.3744	1.65664
869	13.3533	1.64431
870	13.2196	1.62678
871	13.2459	1.61543
872	13.246	1.61283
873	13.2878	1.61353
874	13.2163	1.6117
875	13.4222	1.61065
876	13.4116	1.61481
877	13.4089	1.62268
878	13.3511	1.63192
879	13.3764	1.63959
880	13.2904	1.64761
881	13.415	1.6576
882	13.3278	1.67108
883	13.4375	1.68552
884	13.5358	1.69576
885	13.9243	1.70084
886	13.9276	1.7069
887	13.931	1.71182
888	13.9187	1.7163
889	13.971	1.72
890	14.0917	1.72409
891	14.258	1.73483
892	14.2442	1.75689
893	14.2375	1.78238
894	14.2661	1.79993
895	14.3403	1.80995
896	14.3047	1.8174
897	14.3069	1.82542
898	14.2885	1.8355
899	14.2644	1.8438
900	14.2034	1.84628
901	14.2059	1.84998
902	14.3232	1.85671
903	14.3317	1.86307
904	14.7285	1.86576
905	14.798	1.87027
906	14.8219	1.88171
907	14.9174	1.88976
908	14.9145	1.88743
909	14.861	1.8856
910	14.9063	1.88385
911	15.1712	1.87698
912	15.1136	1.86422
913	15.1422	1.84735
914	15.0623	1.8279
915	15.0506	1.80731
916	15.1018	1.79058
917	15.0194	1.78016
918	14.9888	1.77402
919	14.8401	1.76884
920	14.9281	1.76376
921	14.9066	1.7564
922	14.8828	1.75425
923	15.0365	1.7585
924	15.0419	1.77218
925	15.0364	1.77989
926	15.0052	1.78076
927	15.0333	1.77832
928	14.9856	1.77412
929	14.9886	1.76805
930	14.9712	1.76047
931	15.1819	1.75014
932	15.2977	1.73447
933	15.2791	1.71397
934	15.3174	1.69515
935	15.4729	1.68196
936	15.4052	1.67012
937	15.4531	1.6557
938	15.6297	1.64324
939	15.5724	1.64037
940	15.6779	1.64986
941	15.415	1.66859
942	15.3997	1.68948
943	15.4055	1.70735
944	15.411	1.72255
945	15.5245	1.73433
946	15.5468	1.74318
947	15.6437	1.74585
948	15.7717	1.74463
949	15.6776	1.73802
950	15.7336	1.72885
951	15.7078	1.72549
952	15.5845	1.72954
953	15.5616	1.73527
954	15.6354	1.74184
955	15.5034	1.74894
956	15.4604	1.75265
957	15.3304	1.74933
958	15.41	1.73922
959	15.4111	1.72528
960	15.5356	1.71835
961	15.5417	1.72238
962	15.5903	1.72874
963	15.6461	1.73403
964	15.6497	1.73918
965	15.7526	1.74081
966	15.8047	1.73577
967	15.8099	1.72894
968	15.9071	1.72086
969	15.9455	1.71538
970	15.9912	1.71183
971	16.072	1.7122
972	16.0864	1.71237
973	16.0629	1.70939
974	16.0841	1.70384
975	16.0524	1.69528
976	16.1925	1.6864
977	16.2581	1.67741
978	16.0929	1.66606
979	16.0763	1.64813
980	16.273	1.63904
981	16.08	1.64518
982	16.0657	1.66021
983	16.2002	1.67257
984	16.1716	1.68478
985	16.1888	1.70419
986	16.0905	1.7299
987	16.114	1.75902
988	16.1794	1.78926
989	16.2003	1.81484
990	16.0287	1.82963
991	16.0455	1.84127
992	16.1091	1.84577
993	16.2924	1.83743
994	16.272	1.82475
995	16.3298	1.81011
996	16.5944	1.78784
997	16.5991	1.76489
998	16.67	1.75184
999	16.6573	1.74152
